0,0.207491490669,-0.931337248737,-0.299262778199,0.133542206938,-0.696655650939,-0.704866925725,-0.0523188276995,0.981281500667,-0.185335794482,-0.0657177857339,0.736801774503,-0.672907361921
0,0.135548841505,-0.90185268221,-0.410229510344,0.108356737928,-0.721214341768,-0.684184690398,-0.0967678663775,0.950453974366,-0.295420416778,-0.0733653282119,0.754325403633,-0.652388468667
0,0.0820269649169,-0.879758731625,-0.468290669517,0.0460712437779,-0.735657617478,-0.675784958655,-0.153226702198,0.92503165576,-0.347617625525,-0.121664900735,0.73892186898,-0.662715718443
0,0.0469496146715,-0.877841444391,-0.476644660299,0.0161711809979,-0.726888605602,-0.686564962659,-0.17433011036,0.911722071847,-0.371983704387,-0.140758691582,0.717221999217,-0.682480471943
0,0.0275650193068,-0.884418803376,-0.465879329812,0.00251056216691,-0.729716274807,-0.683745460943,-0.186241016571,0.911763586141,-0.366062080437,-0.149621287331,0.718132257833,-0.679631908195
0,0.0102567100302,-0.89618194349,-0.443568172959,-0.00225951312001,-0.740788043668,-0.671735043718,-0.190028837553,0.914421338597,-0.357383066775,-0.159744356794,0.721002439811,-0.674267915786
0,0.0204216196946,-0.902244116565,-0.430741815446,0.0071413806899,-0.742211569502,-0.670127589925,-0.192412281734,0.909626825528,-0.368180053937,-0.15264464751,0.719062372221,-0.677974126677
0,0.0251219954986,-0.899689526813,-0.435806884623,0.0250506359282,-0.739924230709,-0.672223622353,-0.178280843983,0.908116881561,-0.378866295799,-0.126896793349,0.719492215073,-0.682809018897
0,0.0283614669176,-0.894066097496,-0.447036285443,0.0157789626777,-0.727927179548,-0.685472862783,-0.18526507524,0.901030577288,-0.392199886141,-0.119972776677,0.710592860515,-0.693299588519
0,0.0199216415535,-0.88899351986,-0.457486229132,0.0235500483224,-0.721808778178,-0.691691754301,-0.18557532843,0.889052225542,-0.418506795329,-0.0813802918402,0.703993889331,-0.705528065979
0,0.0215141783186,-0.887057919164,-0.461156576642,0.0306468683718,-0.712779558329,-0.700718253428,-0.178520348411,0.88956454444,-0.420482349783,-0.0656786944627,0.70051383876,-0.710610069447
0,0.0295263454528,-0.88911164059,-0.456736998164,0.0483608800319,-0.71487011873,-0.697582925988,-0.192049825005,0.889412294459,-0.414804333608,-0.0598386743965,0.697715983778,-0.713870954044
0,0.0315277717863,-0.89227820633,-0.450383838646,0.0505910319299,-0.732068441667,-0.679349942374,-0.221842406604,0.890232280856,-0.39783468018,-0.0640097304615,0.704449984674,-0.706861353802
0,-0.00270589377213,-0.901963713768,-0.431803354762,0.0187511973257,-0.759669508657,-0.650038945153,-0.258745958552,0.874744407314,-0.409722773111,-0.0979400412835,0.677809656216,-0.728684992472
0,-0.00913429278734,-0.89981293642,-0.436180288582,0.0076387738008,-0.74732831197,-0.664411049925,-0.280880299746,0.859082266094,-0.427883064981,-0.109806097483,0.651347464854,-0.75079231548
0,-0.00356633540403,-0.902752266143,-0.430146053364,0.0131874273483,-0.745689303786,-0.666163308791,-0.292626214112,0.857679216282,-0.422795767211,-0.103231901866,0.650231053358,-0.752690342495
0,-0.00625502932945,-0.901171720007,-0.433417126643,0.00809267147121,-0.74108198389,-0.671365773496,-0.319728150776,0.84974262095,-0.419179421897,-0.122030893377,0.647034110124,-0.752632261731
0,-0.0123250778191,-0.903251331463,-0.428934872292,0.00543707703299,-0.741642170396,-0.670773679629,-0.332070749919,0.845399192399,-0.418364939424,-0.136191188319,0.637365706845,-0.758430561068
0,-0.0227369283032,-0.904851820237,-0.425119060389,-0.000911930269404,-0.742550260487,-0.669789727477,-0.337717891169,0.840181323322,-0.42431352786,-0.137783072655,0.628667163015,-0.765371428156
0,-0.0293436646391,-0.906203975364,-0.4218214129,-0.00645369108287,-0.743201614788,-0.669036403829,-0.340897490993,0.842128228055,-0.417862355504,-0.139633391657,0.64099188761,-0.754739634545
0,-0.0369033335464,-0.906508810059,-0.420570946761,-0.0127039771882,-0.73943203911,-0.673111334402,-0.343166987551,0.84877109539,-0.402273596307,-0.139439143031,0.645787670373,-0.750676368474
0,-0.0361295113615,-0.899177727936,-0.436089522911,-0.0192530301887,-0.727067786489,-0.686295675841,-0.343588766887,0.849364652485,-0.400657517562,-0.15614355147,0.637864456078,-0.754153914667
0,-0.0352860554681,-0.896850413638,-0.44092429038,-0.0127024484952,-0.722693646003,-0.691051764941,-0.343517055124,0.85110161344,-0.397016468725,-0.164876839038,0.639120912404,-0.751225723253
0,-0.0339608853359,-0.905329211036,-0.423350537868,-0.0100319751502,-0.741430208144,-0.670954995455,-0.352869741875,0.845886065169,-0.399949634357,-0.17635956093,0.644402735215,-0.744071515458
0,-0.0133216017168,-0.909413188751,-0.415680390508,0.0105274628826,-0.745829933332,-0.666053213393,-0.349015224091,0.851171424062,-0.392040278814,-0.17313449714,0.658113064142,-0.732742547356
0,-0.00366496595444,-0.906836450472,-0.421466748535,0.0203280775093,-0.739742240062,-0.672583219782,-0.345926154167,0.853074141645,-0.390639993754,-0.175929395649,0.660702288302,-0.729740593622
0,-0.00953468271546,-0.911620438537,-0.410922457243,0.0108564746413,-0.747839747652,-0.663790515743,-0.350123060883,0.849773268754,-0.394080237959,-0.188097898876,0.655637472348,-0.731271963972
0,-0.0113798218111,-0.909504470247,-0.415538347515,0.00850837568898,-0.742001222993,-0.670344532774,-0.359287316696,0.845045830126,-0.395992637619,-0.188010456635,0.650982851535,-0.735440952901
0,-0.0100686954942,-0.908999807872,-0.416674898043,0.00694666931773,-0.743195519653,-0.669038237587,-0.355160072549,0.846827495077,-0.395909732703,-0.191151731431,0.643943074527,-0.740809241532
0,-0.00426739250457,-0.907181334286,-0.420718214587,0.0138585770385,-0.741081740068,-0.671271773859,-0.350665788824,0.848113235423,-0.397161735881,-0.18637904759,0.642953960492,-0.742881589022
0,0.00507124431847,-0.905171349153,-0.425016601032,0.0266056166535,-0.741688733874,-0.67021635552,-0.346713415868,0.847584664896,-0.4017337963,-0.183087618333,0.650008892035,-0.737541432252
0,0.0113010181524,-0.905670157829,-0.423832339736,0.0433952770532,-0.754251769272,-0.655149691657,-0.349680490347,0.844535958267,-0.405564507649,-0.18151922789,0.647463082249,-0.74016371637
0,0.0210733297865,-0.905671217177,-0.42345668155,0.0641420949468,-0.750605360695,-0.657630127162,-0.345677584612,0.833961157354,-0.430134624882,-0.163185304777,0.635358412537,-0.754778274676
0,0.0463630310072,-0.901012399932,-0.431308618654,0.0791976031008,-0.740486626041,-0.667388414882,-0.320696738098,0.830516996926,-0.455406543641,-0.128402480309,0.624465211304,-0.77042585816
0,0.0428854748602,-0.895798691941,-0.442386188259,0.0647382665363,-0.731205239455,-0.679078680743,-0.315660040003,0.819671236267,-0.478014438675,-0.123257275971,0.605897156109,-0.785936562414
0,0.0395102763259,-0.895315312325,-0.443677168198,0.0564261342143,-0.732450690468,-0.678477764861,-0.331202416843,0.823851331859,-0.459971675292,-0.144565110622,0.640561140847,-0.754176606391
0,0.0363660548017,-0.89265093098,-0.449279228853,0.0386280514971,-0.722193990874,-0.690611115739,-0.341179994777,0.817200698672,-0.464520429319,-0.178428377956,0.632957282487,-0.753344803186
0,0.0166498910919,-0.880725704248,-0.473333936035,0.0351569956892,-0.711107215011,-0.702204040443,-0.328103603533,0.814204659833,-0.478976823295,-0.202563546185,0.613773077055,-0.763053484127
0,0.0274425270182,-0.873005540142,-0.48693760852,0.0451599997459,-0.701983739428,-0.710759737184,-0.309165258653,0.806196948374,-0.504443577891,-0.196644032742,0.595459024783,-0.778947799401
0,0.0483747576591,-0.864225687868,-0.500773245341,0.059132681729,-0.693104656431,-0.718407447891,-0.279349450446,0.811009922113,-0.514029951237,-0.171988246127,0.598405490218,-0.782515758609
0,0.0579097848014,-0.85315590149,-0.518431735696,0.0688558174603,-0.67858691613,-0.731285630694,-0.261791196631,0.815648922998,-0.515928487078,-0.153453554448,0.609551842157,-0.777752247409
0,0.0403124898239,-0.847693026883,-0.528953150419,0.0492567182762,-0.664712065526,-0.745474107967,-0.271129638483,0.811288049192,-0.517977239243,-0.168887799417,0.608484635108,-0.775385942641
0,0.0374709863428,-0.843047410329,-0.536532374718,0.0480611009715,-0.660013054912,-0.74971521121,-0.273080824918,0.813219409026,-0.513907633575,-0.17754682524,0.610378083003,-0.771955776347
0,0.0313275644058,-0.843831321553,-0.535693274622,0.0489332608843,-0.664984578415,-0.745252337433,-0.27527811316,0.814400090496,-0.510856587523,-0.182550088289,0.612832187846,-0.768838198066
0,0.0288370340407,-0.847580518595,-0.529882713405,0.0389995771388,-0.675816868248,-0.736037087092,-0.295470571609,0.803197481189,-0.517272604653,-0.187794463159,0.609221908021,-0.770442669116
0,0.030730848314,-0.850453997373,-0.525151038573,0.0379740831336,-0.679773495918,-0.732438368231,-0.290729790861,0.805986912299,-0.515617383249,-0.190331378025,0.594883692345,-0.780952853328
0,0.0283268418486,-0.860198007895,-0.509172836319,0.0358886739669,-0.691776701636,-0.721219105511,-0.293248289086,0.806534070022,-0.513330531765,-0.191562765842,0.59865957576,-0.777759872386
0,0.023584221676,-0.860678112847,-0.508602959639,0.0250781715833,-0.689761561584,-0.723602151372,-0.299693407627,0.808607163183,-0.506298644156,-0.198108600377,0.598426599232,-0.776298001922
0,0.0179086437556,-0.857364383137,-0.514398284413,0.0111330574418,-0.686664114177,-0.726889571623,-0.289955314633,0.807718557742,-0.5133387254,-0.19652122997,0.579767328918,-0.79072703918
0,0.0118329824769,-0.856343705951,-0.516270702058,-0.000593042266776,-0.693349237785,-0.720601472912,-0.28888378332,0.808516241444,-0.512686694831,-0.19724114117,0.579294471911,-0.790894333678
0,0.0169602127268,-0.855413807466,-0.51766743106,0.00420349116066,-0.692945209729,-0.720977993406,-0.282422765558,0.810999696327,-0.512364005422,-0.183564346346,0.585684992824,-0.789479081377
0,0.0146709404216,-0.850985954513,-0.524983493768,0.00641833575863,-0.684290950683,-0.729180841616,-0.272780296778,0.812059249223,-0.515897940916,-0.175802871008,0.591061219276,-0.787235660786
0,0.0184233800422,-0.848454481593,-0.528947607738,0.0212895642334,-0.673209913442,-0.739144888975,-0.254238941381,0.819240109666,-0.514011870874,-0.152990009863,0.60406915291,-0.782109017583
0,0.0414629694073,-0.843865389819,-0.53495048933,0.0454495953454,-0.670485122729,-0.740529563544,-0.225491005905,0.823617569072,-0.520392069666,-0.114361542299,0.614319956757,-0.780725578147
0,0.047433614195,-0.838115626943,-0.543426396229,0.0468141207106,-0.662650869684,-0.747463887428,-0.212763672723,0.833941893341,-0.509188116614,-0.102121625686,0.627329795844,-0.772028821233
0,0.0115130048022,-0.832783247811,-0.55347946022,0.053045908996,-0.650109596274,-0.757986572686,-0.203208729828,0.842569428481,-0.498781485533,-0.0922517206057,0.629581645678,-0.771437989388
0,-0.0226220328338,-0.839921235697,-0.542236628656,0.0270016651806,-0.663002428222,-0.748130129222,-0.207929363294,0.847288644968,-0.488740556929,-0.112670464661,0.629785221396,-0.768554449147
0,-0.0267281036274,-0.851401716507,-0.523832726741,0.0284266081551,-0.677657043475,-0.734828455748,-0.191970800909,0.868585194887,-0.456844580597,-0.10773544227,0.653304091524,-0.74939097838
0,-0.0378831982441,-0.867985620567,-0.49514222783,0.0065985698873,-0.704091040711,-0.710079055646,-0.185975031496,0.881652964246,-0.433706511706,-0.0968279672344,0.661089778348,-0.744032693989
0,-0.0301970496334,-0.889900913186,-0.455153274079,0.00804535116399,-0.737579746434,-0.675212107396,-0.181206839569,0.899612637104,-0.397317485716,-0.0812610126204,0.685639723339,-0.723391192653
0,-0.0162137468334,-0.909191473205,-0.416062470628,-0.00213106149454,-0.766640683104,-0.642072831996,-0.213302942073,0.902616196233,-0.373879468815,-0.0881955988609,0.696969635122,-0.711656422763
0,-0.00413982453833,-0.920598633242,-0.390488179496,-0.00823857667541,-0.79077376018,-0.612053090887,-0.232013385624,0.894670409056,-0.381752076682,-0.0990095400633,0.683534259426,-0.723172197452
0,0.00574646188774,-0.926558470782,-0.376106870979,-0.00468653400443,-0.803705054822,-0.595009429549,-0.24372938125,0.893138082073,-0.378021633067,-0.101805177045,0.668866735968,-0.736378296423
0,0.00250412887463,-0.928100017145,-0.372322558427,0.0141105068384,-0.803977915897,-0.594491719326,-0.243765163407,0.890570931473,-0.384007761802,-0.0936417823137,0.657049483174,-0.748008818976
0,-0.0156692212954,-0.929285865076,-0.369028801685,0.00767759891237,-0.804596784479,-0.593771899706,-0.242527810073,0.873416087139,-0.422284974948,-0.0825466414023,0.616858159544,-0.782733711422
0,-0.0427192849502,-0.926594292235,-0.373628264845,-0.0212417713013,-0.799543248412,-0.600232772407,-0.25168532308,0.857647425005,-0.448436609265,-0.107694906973,0.593343051727,-0.797712874398
0,-0.0465684377925,-0.926348101976,-0.373778777577,-0.0172018968807,-0.79628371744,-0.604678704837,-0.24173001078,0.859968856123,-0.449466537561,-0.09504822844,0.600901538104,-0.793651797563
0,-0.0699271907962,-0.922959183158,-0.378492449345,-0.0420680924064,-0.785983710224,-0.616814301767,-0.249426130886,0.860761710479,-0.443706978764,-0.116787113972,0.604803926919,-0.787764546037
0,-0.0639477788084,-0.919898697014,-0.386907054495,-0.0408678927831,-0.769141963015,-0.637769908406,-0.246371225115,0.859767721961,-0.447326149146,-0.119326165885,0.600975887826,-0.790309590215
0,-0.0605536216161,-0.919347642284,-0.388758500275,-0.0395476943438,-0.769147932878,-0.637845935334,-0.250388324159,0.859886521449,-0.444860492014,-0.122216909873,0.601344764705,-0.78958691789
0,-0.0479337113217,-0.919548010021,-0.390043352187,-0.0308290522891,-0.7663209941,-0.641717775612,-0.249825591688,0.859694793833,-0.445546894496,-0.115681561805,0.595470258628,-0.795004998316
0,-0.0463505977585,-0.916094601971,-0.398274154731,-0.0360539460743,-0.766214466731,-0.641572680173,-0.258503317102,0.854320417916,-0.450902049872,-0.116083530438,0.589187265061,-0.799614269915
0,-0.0346869803989,-0.919858292766,-0.390714134145,-0.026294776018,-0.768944535515,-0.638774518947,-0.257372446517,0.853722763267,-0.452677442837,-0.112088959878,0.589634968633,-0.79985415473
0,-0.0283136515552,-0.920357429955,-0.390051968668,-0.0190098537849,-0.769870146033,-0.63791738,-0.259552474861,0.852613393227,-0.45352278276,-0.107704936884,0.593238565509,-0.797789227154
0,-0.0251862530124,-0.924429735675,-0.380519797724,-0.0153650898065,-0.776040677368,-0.630495663018,-0.267970392758,0.848678647608,-0.456000462389,-0.103991059038,0.588544517972,-0.801748844717
0,-0.017695594907,-0.927505687379,-0.373389964782,-0.00603529941917,-0.779986786313,-0.625766880187,-0.279848018092,0.841886353421,-0.461424375921,-0.102404864314,0.584719987936,-0.80474578562
0,-0.00578690928664,-0.930709877906,-0.365712502999,0.0203532769181,-0.789104525771,-0.613921649339,-0.302353987654,0.831700519399,-0.465678335529,-0.114570586121,0.582624939953,-0.80462522962
0,0.0284197755622,-0.930408772908,-0.365420075602,0.0655657408631,-0.780193615774,-0.622092481493,-0.31669580352,0.822839763225,-0.471845835086,-0.11177540755,0.58757187518,-0.801414717711
0,0.0538095787379,-0.925355019887,-0.375263396038,0.0913012329842,-0.765102726782,-0.637402464952,-0.326806751081,0.812276179845,-0.48311981444,-0.113072497127,0.580931077363,-0.806060601783
0,0.0653085613339,-0.917133719331,-0.393192742409,0.107148010716,-0.749759070074,-0.652978284969,-0.336566848612,0.805259462447,-0.488139277824,-0.116290229806,0.584513053556,-0.803007517196
0,0.140107868658,-0.893883693899,-0.425842373329,0.16142715619,-0.716318753511,-0.678843661393,-0.32307040911,0.815155544815,-0.48077744177,-0.0970582651743,0.615268518402,-0.782319847265
0,0.195667731227,-0.868060758208,-0.456272570967,0.18920931817,-0.689238927285,-0.699392261205,-0.305285994912,0.81990790698,-0.484305157295,-0.102631865378,0.615562253765,-0.781376869346
0,0.219915567614,-0.852238653522,-0.474685601808,0.189964077295,-0.674684178844,-0.71324253109,-0.305223625822,0.81362951256,-0.494818708752,-0.138533614533,0.60720400838,-0.782375696103
0,0.249838217677,-0.827914065412,-0.502134608726,0.22240282166,-0.664688168249,-0.713250744063,-0.303446431874,0.799117647372,-0.518971337013,-0.166762511167,0.598576826215,-0.783515186827
0,0.267033166281,-0.803770300983,-0.531645174307,0.237906346852,-0.642113158802,-0.728760084953,-0.300218855242,0.786159323277,-0.540205662115,-0.181781440449,0.59544433505,-0.782560893328
0,0.275666794573,-0.800210982654,-0.532606986069,0.238100212835,-0.650186117571,-0.721502807456,-0.305065026236,0.791025353212,-0.530296351434,-0.194963149136,0.60162448473,-0.774620778092
0,0.284026884924,-0.79620309269,-0.534218460774,0.236312233825,-0.651680004554,-0.720742464274,-0.298191151134,0.802666715107,-0.516534782802,-0.190124610438,0.609746987951,-0.769455159961
0,0.266626802611,-0.803745266488,-0.531886919117,0.228054405685,-0.655125026027,-0.720279382129,-0.308311928016,0.811600176452,-0.496234731379,-0.202046128261,0.621611038631,-0.756820374136
0,0.243823657237,-0.809914584204,-0.533468265659,0.197363824608,-0.656248221466,-0.728275904146,-0.329672077588,0.80561988607,-0.492232587734,-0.231493705805,0.611426879004,-0.756682123355
0,0.221279632168,-0.816504130778,-0.533250718528,0.160669461795,-0.663023688454,-0.731153138949,-0.348392625175,0.801830996996,-0.485478764705,-0.252081344618,0.599948131377,-0.759287320685
0,0.200909426112,-0.823544997081,-0.530480009315,0.135166833182,-0.668262315347,-0.731543166939,-0.354902768041,0.799280033016,-0.484969539309,-0.258135226299,0.592892184188,-0.762787691873
0,0.18573445329,-0.829312281574,-0.52701409136,0.13219913363,-0.672166182879,-0.728502581781,-0.345877868179,0.801948890481,-0.48707953905,-0.25067471504,0.587020894357,-0.769784812027
0,0.19411300764,-0.82601602738,-0.529166951705,0.147260779056,-0.673452091735,-0.72441462098,-0.317808864434,0.807918426324,-0.496251289261,-0.216999564079,0.590948258767,-0.77697576838
0,0.185791041473,-0.826110157462,-0.531999714894,0.140996511342,-0.675861582552,-0.723416273676,-0.309633944363,0.808897032139,-0.499812376692,-0.202795706265,0.585594993337,-0.784826353597
0,0.180055886561,-0.831777295286,-0.525096570892,0.141666599057,-0.675286064189,-0.723822703584,-0.308513671429,0.810951392434,-0.497169139882,-0.200667781467,0.588126778927,-0.783478993586
0,0.176104947764,-0.837035986999,-0.518032628164,0.149157369293,-0.684996726004,-0.713113991273,-0.288272887211,0.812258286327,-0.507085021265,-0.169784231864,0.585713295538,-0.792535961355
0,0.188467085012,-0.835819538272,-0.515641209864,0.168769421398,-0.691998135815,-0.701894196036,-0.251032579442,0.816708496616,-0.519586254258,-0.12879037556,0.589381820148,-0.797522481967
0,0.193144695826,-0.838244756032,-0.50994201186,0.163870515881,-0.698615564777,-0.696478819977,-0.210234147999,0.828171650996,-0.519551074969,-0.0870039059122,0.59764772934,-0.797024160218
0,0.158593526737,-0.850481152697,-0.501527568718,0.132228413175,-0.709193664351,-0.692502702661,-0.202264412816,0.831871017128,-0.516797560144,-0.0802506079269,0.599143770646,-0.796609428782
0,0.105324711531,-0.872384584659,-0.477338288419,0.0777900533344,-0.724637273228,-0.68472587935,-0.222470853031,0.833369258871,-0.505966795274,-0.132827860665,0.595774929086,-0.792091530887
0,0.075179061305,-0.88647875537,-0.456621862177,0.0734512691588,-0.744933810381,-0.66308259607,-0.213377181239,0.838562554947,-0.501281378038,-0.123933029929,0.597467089844,-0.792258594555
0,0.0378197616301,-0.898596853165,-0.437142266444,0.0322968110791,-0.755927559225,-0.653858120082,-0.236984582545,0.838222896248,-0.49114222364,-0.127506216127,0.609912000766,-0.782144178634
0,0.015842099984,-0.909958333478,-0.414396982616,-0.000258865616981,-0.776297898037,-0.630366168582,-0.245024694662,0.83676229022,-0.489685377229,-0.107072418707,0.622850773169,-0.774978974886
0,-0.00960818619354,-0.91241625553,-0.409150656118,-0.0274031192888,-0.787797941825,-0.615323875622,-0.218900723434,0.843934347116,-0.489752275173,-0.0952914468106,0.615049081779,-0.782709503691
0,-0.0284047144468,-0.926656961675,-0.374833359744,-0.0513730269991,-0.804071909005,-0.592308346426,-0.185548389496,0.857656620866,-0.479579936862,-0.0839925836498,0.616880595603,-0.782562187088
0,-0.0461113714367,-0.935596184194,-0.350047884646,-0.0478909956974,-0.810213715067,-0.58417479272,-0.159098231504,0.866250845297,-0.473600280568,-0.0724808213869,0.614471751089,-0.785602315198
0,-0.0818969919881,-0.931082739115,-0.35549657611,-0.074947170182,-0.811553967468,-0.579450670523,-0.158790220527,0.864080987518,-0.477650199283,-0.0866268544071,0.615322833946,-0.783500860318
0,-0.102885006999,-0.918084318704,-0.382800024927,-0.0959102488297,-0.786397649713,-0.610229432832,-0.156041305075,0.850318008042,-0.502603617486,-0.0836813837573,0.607273437334,-0.790073666389
0,-0.109974340773,-0.910963561141,-0.397556328897,-0.113170780556,-0.769114136165,-0.629011780477,-0.167282133811,0.843233408568,-0.510856248256,-0.0786422676017,0.602061478985,-0.794567410148
0,-0.102998779066,-0.908540218634,-0.404902361855,-0.113063035498,-0.75973815447,-0.640323891985,-0.148170878577,0.852776069335,-0.500817697682,-0.0797008796774,0.609424438414,-0.788828006376
0,-0.0920199116221,-0.906679932624,-0.4116598543,-0.103771500688,-0.759050813547,-0.642707817051,-0.145025543685,0.856909734164,-0.494644619068,-0.0731664883801,0.61190247505,-0.787541761436
0,-0.0966394411528,-0.906216082484,-0.41162267948,-0.10342108689,-0.760505192134,-0.64104284687,-0.149933304151,0.858412303946,-0.490559191883,-0.070243262371,0.613799323934,-0.786330893473
0,-0.0970059438205,-0.905015565002,-0.414169861249,-0.0933355451008,-0.762280719944,-0.640481521999,-0.144902351334,0.859842223732,-0.489565786044,-0.0609656618803,0.614764240879,-0.786351140527
0,-0.079775343214,-0.90691125066,-0.413700227269,-0.071522241342,-0.767061299517,-0.637574726425,-0.140960104739,0.863880019585,-0.483571670628,-0.0531576326835,0.619823766329,-0.782938544703
0,-0.0778101917037,-0.906099775055,-0.41584705327,-0.0630254937687,-0.765143501373,-0.64076767197,-0.14832329601,0.864997791051,-0.479352710785,-0.0448203066839,0.627168176365,-0.777593221848
0,-0.0635339554001,-0.905608944892,-0.419327885363,-0.044205907353,-0.7616814388,-0.646441972293,-0.131180120798,0.867126627494,-0.480503057013,-0.0185417065612,0.628043009923,-0.777957699882
0,-0.0759453843125,-0.897187576374,-0.435070972833,-0.0372669187623,-0.752604352777,-0.65741757274,-0.100218422877,0.86980795325,-0.483104949446,0.0265214879095,0.632718845529,-0.773927304849
0,-0.0773666302115,-0.894373402117,-0.440579870303,-0.0199551431803,-0.756165501555,-0.654076086185,-0.0821612119877,0.873811307116,-0.47927375768,0.0717192531003,0.626938151515,-0.7757608542
0,-0.0718395504262,-0.894697855133,-0.440856923518,-0.00913365032807,-0.760195688375,-0.649629965293,-0.0483827312337,0.874675151129,-0.482288804883,0.0874810822319,0.612109383162,-0.785919310933
0,-0.0767890598314,-0.898801744641,-0.431577182113,-0.0277071320046,-0.772224242928,-0.634745644703,-0.050286597797,0.865180531986,-0.498932766166,0.080413039506,0.597292767047,-0.797981887959
0,-0.067541529543,-0.907618339105,-0.414327276807,-0.00793482463761,-0.779941682674,-0.625801893722,-0.0861977704804,0.856768939763,-0.508445600062,0.079635144041,0.579200534578,-0.811286006645
0,-0.0575862462951,-0.912184881954,-0.405712417078,0.00657198314846,-0.781510619699,-0.623857323701,-0.116465093892,0.841102352543,-0.528188143043,0.0652867122519,0.566196012341,-0.821681033499
0,-0.0687702543431,-0.910707839383,-0.407285997063,0.00847769362602,-0.780603679433,-0.624968818716,-0.173995580211,0.836035674828,-0.520355540454,0.0213192453297,0.569966628796,-0.821391217288
0,-0.0699581700847,-0.896857466759,-0.436752262453,-0.0243996865897,-0.767203384417,-0.640939640086,-0.213375925154,0.83779918989,-0.502556695293,-0.0164371942429,0.592865331284,-0.80513385074
0,-0.0683971851113,-0.89633117287,-0.438077908152,-0.0296815440534,-0.768077301996,-0.639668870667,-0.19517647066,0.84418318959,-0.499260340618,-0.0501223312586,0.601907687304,-0.796991146672
0,-0.0751811232551,-0.899853012299,-0.429665398844,-0.0368872998754,-0.776589409128,-0.628926241095,-0.186633620084,0.854396392952,-0.484948136985,-0.0684265122819,0.607288358474,-0.791529318521
0,-0.103962247163,-0.89529476281,-0.433173335802,-0.0862126115626,-0.766784395059,-0.636088890881,-0.209854697646,0.847084654058,-0.488271025902,-0.102062496338,0.583841661906,-0.80542669478
0,-0.104847231177,-0.887284584998,-0.449147106568,-0.0968579610689,-0.748743280741,-0.655745404042,-0.192913801986,0.854307248052,-0.48264209403,-0.113770899376,0.60384996758,-0.78893687904
0,-0.0883503294377,-0.889149632003,-0.449006849833,-0.0825418331811,-0.74336572728,-0.663772733155,-0.180230479278,0.857737775101,-0.481459119246,-0.0947210015149,0.609648336147,-0.786992273218
0,-0.0752165106032,-0.885347860656,-0.458804579493,-0.0676851185977,-0.733708741888,-0.676084467207,-0.144909891662,0.866413445989,-0.477837696198,-0.0717735580876,0.626836436228,-0.775838023415
0,-0.0657808212538,-0.884869848463,-0.461170505166,-0.0658572322862,-0.729494366637,-0.680808926205,-0.109758627673,0.877071213596,-0.467652787796,-0.0536719000846,0.648771606612,-0.7590880908
0,-0.0552175449485,-0.887169605312,-0.458127836025,-0.0677370125656,-0.72942557354,-0.680698192883,-0.0919235800702,0.878149234533,-0.469472019737,-0.0517943593744,0.657486633327,-0.751683890564
0,-0.0176841929717,-0.887152384746,-0.461137631905,-0.0197364163848,-0.734849302089,-0.677943196062,-0.0623053292806,0.877386132769,-0.475722208824,-0.0071973638959,0.654028013826,-0.756436087904
0,0.0291573963266,-0.886715166363,-0.461395773692,0.0222177977121,-0.747508800065,-0.66388023264,-0.0261738716982,0.870460732151,-0.491541495933,0.000337509692084,0.649030969497,-0.760761911981
0,0.0898532653017,-0.881147675409,-0.464225338426,0.0949153754534,-0.753235457464,-0.650866666162,0.0139606153153,0.857068834021,-0.515012732823,0.0387528843937,0.642293280261,-0.765478645086
0,0.109275796627,-0.875934538807,-0.469890927765,0.113659996584,-0.743895215541,-0.658560030272,0.0370142478005,0.850094566582,-0.525327681859,0.0517210374625,0.631081624784,-0.773990256492
0,0.110269626452,-0.870648614847,-0.479386690416,0.118885541474,-0.730688121416,-0.672280519761,0.0318505492194,0.843235589723,-0.53659974165,0.0489618240092,0.616976362659,-0.785457132955
0,0.0732400931256,-0.867176549693,-0.492585749309,0.0759740944986,-0.718760930149,-0.691093815814,0.0157970686917,0.841242969013,-0.540426423954,0.00868887124517,0.612687696785,-0.790277349875
0,0.048313626154,-0.867247942459,-0.495526790223,0.0330093782266,-0.719689741151,-0.693510675787,0.0528566309833,0.840120132837,-0.539818801972,0.0132089435119,0.62988438156,-0.776576583267
0,0.025762262878,-0.86065246689,-0.5085406936,0.0132217710395,-0.702186767786,-0.711870021786,0.0506058622921,0.830192647932,-0.555174940016,0.0123686863367,0.627094775636,-0.778844758581
0,0.0135395401452,-0.854982355266,-0.518480330423,0.00631725351574,-0.695690842426,-0.718313541619,0.0446530755443,0.830229117285,-0.555630916758,0.0143423724014,0.627705572484,-0.778318707617
0,0.0170831697859,-0.853694708566,-0.520493525297,-0.00368497416073,-0.697817905575,-0.716265726965,0.0657987176591,0.831335417698,-0.551862258209,0.0224834052653,0.631755425364,-0.7748416477
0,0.0148456705081,-0.845320566204,-0.534053130708,-0.0183992107802,-0.688276322918,-0.725215259322,0.0675885516749,0.834936345935,-0.546180451792,0.0353413712592,0.628187684937,-0.777258785715
0,0.00826610343653,-0.829356462534,-0.558658687918,-0.0233754292137,-0.668161579987,-0.743648903945,0.0656437920293,0.838639851853,-0.540716276297,0.0498332536061,0.618769728328,-0.783990223243
0,0.00830783054401,-0.8250449061,-0.565006091003,-0.0186661920439,-0.661527817846,-0.749688281548,0.0866367436529,0.826386962492,-0.556397935719,0.0472934408558,0.612069443871,-0.789388577528
0,-0.0251740654697,-0.836426880125,-0.547500082769,-0.0618149580606,-0.677098510747,-0.733291563912,0.0329542977305,0.81759971431,-0.574843214643,-0.0084575226712,0.579723083988,-0.814769670644
0,-0.0296035149119,-0.852061754344,-0.522603481321,-0.0664020404986,-0.712447026988,-0.698577127277,-0.0054164243526,0.810176487232,-0.58616100338,-0.0334057388553,0.553412187999,-0.83223735003
0,-0.0393839083868,-0.864434338636,-0.501200740171,-0.0768253538887,-0.719431640224,-0.690301369001,-0.0326789095455,0.809070348358,-0.586802573511,-0.0582098115625,0.547175707174,-0.834991235473
0,-0.0328358013369,-0.87159231754,-0.48913049604,-0.0422013798165,-0.723252933926,-0.689292562784,-0.0230114584836,0.808006148488,-0.588724499901,-0.0363841500971,0.559323670165,-0.828150484885
0,-0.0535011447429,-0.867157031937,-0.495152814264,-0.0573212848972,-0.721017488422,-0.690541853683,-0.0144685239716,0.818335893205,-0.57455811517,-0.0556787439612,0.564614952902,-0.823474245153
0,-0.0429422063981,-0.857114048378,-0.513333687754,-0.0307872107943,-0.725146411398,-0.687906119822,0.000670773783706,0.822497849473,-0.56876782405,0.000217468389978,0.574356785294,-0.818605054892
0,-0.0668601904757,-0.848361315511,-0.525178820284,-0.0592382150288,-0.712126443225,-0.699547541444,0.023823912758,0.827517007827,-0.560934954285,0.0163936345342,0.577042520956,-0.816549556215
0,-0.0842620235404,-0.852212785161,-0.516365452172,-0.0963344534105,-0.719304232654,-0.687983352976,-0.0136161452717,0.823168574847,-0.567633770994,-0.0185838150696,0.568454397261,-0.82250485716
0,-0.108119952676,-0.857180280685,-0.503539514078,-0.147301532025,-0.729168299483,-0.668293236306,-0.0680423868954,0.820270129057,-0.567914737406,-0.0813128309121,0.562983643888,-0.822458290884
0,-0.117292745218,-0.87408704236,-0.471396069455,-0.166557999029,-0.755480143033,-0.633646736315,-0.114212603565,0.805453971759,-0.581549121368,-0.125378061023,0.531119824301,-0.837969017356
0,-0.0911533919765,-0.892113319364,-0.442521055481,-0.120803712932,-0.784037376882,-0.6088446884,-0.108802264135,0.815040356516,-0.569096902617,-0.0970096448077,0.532681489295,-0.840737509438
0,-0.0905376191844,-0.900320657106,-0.425706065145,-0.119071185824,-0.801552423275,-0.585948603078,-0.143478837495,0.816613138414,-0.559067800326,-0.125514441267,0.529933116921,-0.83869959856
0,-0.0472397814676,-0.91800901149,-0.393735771641,-0.0649995095903,-0.812577405214,-0.579217596667,-0.105120435264,0.821210585495,-0.560859045002,-0.082011188594,0.534159759171,-0.841396171032
0,-0.00389993486153,-0.911904690965,-0.410383509785,-0.0262914070513,-0.809729768548,-0.586213667396,-0.080938556959,0.831248609826,-0.5499769983,-0.0614166461481,0.563656846111,-0.82372262043
0,-0.01222795788,-0.900168209541,-0.435370728895,-0.0249228474656,-0.796190377227,-0.604532658245,-0.0831401880615,0.843352780363,-0.530889627874,-0.0899000271387,0.577795057463,-0.811215665955
0,0.0169322329036,-0.893585667107,-0.448573243773,0.00716841660412,-0.780302146603,-0.625361634425,-0.0674447739043,0.860782226662,-0.504485045107,-0.0458312375022,0.600250798335,-0.798497637296
0,0.0288896536042,-0.895819598167,-0.443477886095,0.0105573730441,-0.777032723392,-0.629371661781,-0.0883794281686,0.86560821657,-0.492860519908,-0.0371283878438,0.613580560953,-0.788758757819
0,0.036885131922,-0.892638718269,-0.449261177592,0.0103097221619,-0.756559311597,-0.653843802191,-0.0904729232402,0.872203227166,-0.480703838846,-0.0351215351451,0.630513127441,-0.775383565659
