2,0.251843177935,-0.163340949046,-0.953884032832,0.39260337207,-0.254571485736,-0.883773698913,-0.643682986853,0.298288205489,-0.704766882666,-0.328174675751,0.42671786602,-0.842741505454
2,0.25062366088,-0.16516096676,-0.95389183646,0.390552853486,-0.257320861447,-0.883885989762,-0.655437394816,0.299632426761,-0.693269233639,-0.351860957836,0.431155949599,-0.830841990679
2,0.247833610491,-0.167159614074,-0.954272584188,0.385883418795,-0.260225705203,-0.885085628316,-0.662098411746,0.298496663005,-0.687404855481,-0.359933519286,0.430139417566,-0.827905757408
2,0.239855888477,-0.171963423032,-0.955456819486,0.373337947614,-0.267617502717,-0.888256522132,-0.658511584897,0.297720561332,-0.69117650417,-0.344096691125,0.424597660024,-0.837445099251
2,0.233358262153,-0.194336514172,-0.952773446704,0.363226842665,-0.30243487633,-0.88124877665,-0.617113811473,0.290439368254,-0.7313108211,-0.272651109978,0.425782938969,-0.862768950016
2,0.214764424383,-0.224862532414,-0.950427842361,0.334318842768,-0.349971481392,-0.875071924805,-0.599108562551,0.290232668281,-0.74621305841,-0.260734365014,0.425839667362,-0.866416856139
2,0.215337929579,-0.254761271745,-0.942722796215,0.335666230388,-0.397054771169,-0.854210565651,-0.606799615432,0.290996449455,-0.739672422844,-0.306130208914,0.411252565927,-0.858577673952
2,0.215396889461,-0.270006813234,-0.938456445882,0.33681221713,-0.422149911289,-0.841633520477,-0.620455556907,0.301748988936,-0.723866320241,-0.314817564228,0.416028301145,-0.85311801874
2,0.20099312133,-0.271916077574,-0.941096919523,0.313638000228,-0.424262043937,-0.84948980152,-0.624863327502,0.309227505351,-0.716885047883,-0.31596976809,0.431190419209,-0.845125983528
2,0.255117433442,-0.318520568618,-0.912940163713,0.445686326784,-0.482035480567,-0.754324528033,-0.624202438239,0.315368267791,-0.71478260455,-0.302749734304,0.445637653512,-0.842466426721
2,0.270924418884,-0.357185800506,-0.893878214954,0.499011523673,-0.518068518184,-0.694688786226,-0.62626672235,0.323294547534,-0.709415694788,-0.28168459127,0.46008387664,-0.842007492542
2,0.329162582819,-0.371989010972,-0.867914840171,0.563278507078,-0.503357031469,-0.655247298609,-0.617824618176,0.338136985164,-0.709898669135,-0.228305130018,0.481241209575,-0.846335433392
2,0.377227834729,-0.326469854035,-0.866669830508,0.580958741423,-0.45095162774,-0.677591005108,-0.604118008707,0.355593388919,-0.713158308732,-0.209532592293,0.509968346773,-0.834283152207
2,0.401271645968,-0.292169841669,-0.868111657428,0.596957178262,-0.387346578673,-0.702570107044,-0.580933279781,0.366699779954,-0.726668972658,-0.203858792639,0.525621250354,-0.825932136341
2,0.414223309598,-0.229434644478,-0.880783057114,0.599127533867,-0.312556593543,-0.737125887481,-0.524573020404,0.37471201088,-0.764469786955,-0.184353275058,0.533779987399,-0.82528346344
2,0.390390686948,-0.164046831396,-0.905915972181,0.589028710908,-0.232788960673,-0.773856884388,-0.467922433113,0.371171955082,-0.802047365403,-0.209810625273,0.541676916717,-0.813981338495
2,0.367575833298,-0.127918543204,-0.921154087588,0.576626427299,-0.17477923366,-0.798094093965,-0.449234667477,0.375875527495,-0.81049725562,-0.237055217288,0.539315614525,-0.808049189027
2,0.387654084157,-0.117639508676,-0.914267606905,0.58841675736,-0.143864090737,-0.795656234221,-0.451535608374,0.379220383051,-0.807655554954,-0.253025850085,0.537665625575,-0.804296956518
2,0.440209791622,-0.111855360717,-0.890900509394,0.6189517108,-0.144449877932,-0.77203174317,-0.458691067209,0.374787507212,-0.80569028125,-0.262018240256,0.534464352825,-0.80355105459
2,0.468382897805,-0.118623943333,-0.875526025377,0.626496128988,-0.159727357524,-0.76288254117,-0.474907208773,0.364495663765,-0.801003154895,-0.265225836129,0.535130539621,-0.802053964154
2,0.471355013823,-0.125199811827,-0.873011717025,0.618375793715,-0.172563386371,-0.766702846892,-0.482549444782,0.363068135205,-0.797074377043,-0.263370474212,0.53653349759,-0.80172800829
2,0.476560655744,-0.150918594925,-0.866090941589,0.621491492297,-0.208120486722,-0.755270936823,-0.491833971556,0.365712135733,-0.790160729347,-0.237340481564,0.532431229124,-0.812518604135
2,0.464215824242,-0.184807282339,-0.866227416397,0.595591304314,-0.269483200814,-0.75673628346,-0.479615388168,0.369037421417,-0.796103297962,-0.167026830981,0.520434672956,-0.837406585189
2,0.434691881874,-0.236699679233,-0.868916698932,0.554929385936,-0.350710904458,-0.754357500207,-0.450756555109,0.371233350788,-0.811790814982,-0.07285796015,0.480308538634,-0.874068318473
2,0.374365198908,-0.297311903146,-0.878325867827,0.477184376625,-0.447186193802,-0.756518062426,-0.417100578256,0.368663228662,-0.830731323263,0.0131366263629,0.432436979187,-0.901568460007
2,0.294975030381,-0.311919618994,-0.90315883583,0.37826187048,-0.481223879046,-0.790785391606,-0.36536723086,0.361598404344,-0.857760677922,0.0896074555958,0.392877649791,-0.915214541076
2,0.223771647214,-0.34169878882,-0.912780470662,0.331255312536,-0.495671351532,-0.802857290673,-0.284318472566,0.359796672756,-0.88865592916,0.187918411594,0.357955900556,-0.914633393137
2,0.181781906065,-0.3024014014,-0.935686235369,0.295366648647,-0.502602116032,-0.812495942037,-0.22752057245,0.359659763376,-0.904919468086,0.251015322148,0.326866558239,-0.911125436563
2,0.140092743073,-0.249612177644,-0.958158538087,0.274955870897,-0.484318312384,-0.830563086917,-0.227384539919,0.349118081483,-0.909072514263,0.25055885195,0.308986189358,-0.917468144676
2,0.126359594147,-0.231719057975,-0.964541098729,0.281436759225,-0.470382783471,-0.836381125786,-0.239865340757,0.343754025574,-0.907908469068,0.243566351739,0.312703442855,-0.918091492787
2,0.161684383773,-0.22410434304,-0.961059521296,0.299788105089,-0.467547930818,-0.831580437742,-0.229796558419,0.332786294981,-0.914574668144,0.253990200041,0.305445951895,-0.917710057019
2,0.20433545787,-0.232350102528,-0.950926101499,0.33096504659,-0.470020182099,-0.81825617404,-0.224256407004,0.339078121845,-0.913638380982,0.258645300633,0.304871232866,-0.916600316294
2,0.219356311765,-0.238242095125,-0.946109672606,0.342543537851,-0.459825918256,-0.819282643278,-0.222434937202,0.360256718556,-0.905945801606,0.255785738948,0.325742811004,-0.910200679427
2,0.232277072127,-0.240707105804,-0.942394530427,0.347157201593,-0.453995083547,-0.820591458338,-0.205090068947,0.374133890406,-0.90441245882,0.270139600113,0.33222460713,-0.903687671083
2,0.237705955144,-0.238259186109,-0.941662593036,0.349191977135,-0.447866349619,-0.823092155219,-0.205834822465,0.39722895119,-0.894338406979,0.276873457506,0.358341951778,-0.891589666901
2,0.253459080815,-0.241547113929,-0.936703520921,0.369738931247,-0.428724309081,-0.82431097865,-0.20089282603,0.414141605125,-0.887766187323,0.283880480965,0.37461252301,-0.882653573114
2,0.271469510033,-0.230652401156,-0.934400222048,0.385282496555,-0.41522854175,-0.824101119987,-0.201341821774,0.428156046985,-0.880990278173,0.282267996289,0.383736507971,-0.879244602327
2,0.281630878223,-0.226440299987,-0.932420955885,0.392172605089,-0.408242202108,-0.824341526454,-0.227403567524,0.446324432447,-0.865495302401,0.261969922458,0.413417774739,-0.872042145345
2,0.283655077213,-0.226333872145,-0.931833019103,0.40600497149,-0.396413712115,-0.823417349813,-0.274620125939,0.463538455438,-0.842446370257,0.229816202295,0.459957100117,-0.857685244839
2,0.287839622171,-0.215050294225,-0.933221154316,0.431002136166,-0.367408439635,-0.824165151596,-0.340207576128,0.475674011114,-0.811167701709,0.16771546051,0.492427295998,-0.854041499262
2,0.290222108621,-0.193400731696,-0.937212507731,0.452363372253,-0.331675163056,-0.827864098542,-0.442290425131,0.480258498568,-0.757450298297,0.0298588117483,0.557783235091,-0.82944940413
2,0.303848825015,-0.183504016483,-0.934880830626,0.489908585554,-0.299364997831,-0.818761366867,-0.5388871914,0.465260874113,-0.702234230129,-0.131418721181,0.593671148051,-0.793904079656
2,0.30449344421,-0.175661844683,-0.936176617287,0.488378249598,-0.273027830876,-0.828819937554,-0.632209910018,0.423325176397,-0.648927133585,-0.320733023959,0.569301880313,-0.756984607779
2,0.339654699793,-0.19530038215,-0.920050240824,0.510467751413,-0.266719975451,-0.817485858877,-0.68865699616,0.380250970029,-0.617382168054,-0.466353180556,0.503250330967,-0.727498326711
2,0.392520921508,-0.21142022866,-0.895113854821,0.54738345119,-0.256519996278,-0.796598298312,-0.709003635939,0.355286923751,-0.609167502447,-0.546339569284,0.441063310805,-0.712022633696
2,0.422573382568,-0.22396635083,-0.878220251441,0.574237798254,-0.251370688183,-0.779142944638,-0.727246324383,0.337762966469,-0.597519005684,-0.594596241324,0.407770485903,-0.692949161649
2,0.440089409921,-0.220705741023,-0.870408115286,0.576477931677,-0.252064044589,-0.777262447128,-0.733068289702,0.325663542872,-0.597121544979,-0.606572953342,0.388088417586,-0.693870760596
2,0.445441772228,-0.224975161972,-0.866583985572,0.595867743027,-0.251462680244,-0.762697943661,-0.730594837494,0.312844156523,-0.606926451192,-0.581653605396,0.383987450815,-0.717100216808
2,0.423584669526,-0.224442039551,-0.877611416645,0.586057137221,-0.256131060265,-0.768722259259,-0.730741589322,0.307505300375,-0.609472903316,-0.570555594416,0.386212417401,-0.724780161377
2,0.412177111254,-0.231774372011,-0.881130336237,0.582007445738,-0.274716071457,-0.765374688103,-0.726810934056,0.303840903286,-0.615976112871,-0.544269140718,0.398141400598,-0.738413520727
2,0.379466949434,-0.220917837534,-0.898443177583,0.545125280503,-0.291041410966,-0.78621455447,-0.723588885736,0.302810418707,-0.620262021054,-0.526095779196,0.412750252538,-0.743545869562
2,0.369521050871,-0.225536969948,-0.901436225226,0.527759131078,-0.305720291604,-0.792467919139,-0.720802604552,0.306137564846,-0.621870884237,-0.504242113657,0.422941688642,-0.752901201236
2,0.351857913768,-0.240886696632,-0.904527284223,0.513321174929,-0.323585264456,-0.794854670991,-0.718618925515,0.307703648792,-0.623622726022,-0.478566314231,0.433746897898,-0.763438217177
2,0.325010692575,-0.267211362098,-0.907174810981,0.488552259387,-0.358171121162,-0.795631911007,-0.712615078035,0.301148250231,-0.633631976734,-0.438790270256,0.435934567149,-0.785763419798
2,0.30279910988,-0.278894883789,-0.911334374888,0.454775608796,-0.381224582949,-0.804889410415,-0.709692382389,0.293167995986,-0.640616303655,-0.369818122962,0.447411691314,-0.814283325634
2,0.29721503572,-0.297084809475,-0.907416022848,0.439318397498,-0.413469930173,-0.797522389945,-0.651770889135,0.282920260677,-0.703669548989,-0.192040675425,0.454959009151,-0.869558899083
2,0.298841503499,-0.315746426117,-0.900554246107,0.417881885387,-0.457288221405,-0.785023701827,-0.469939613666,0.299293808764,-0.830409522791,0.0921035617263,0.370393438845,-0.924297373348
2,0.293963113374,-0.345883253226,-0.89103897957,0.393115924234,-0.515563495024,-0.76135021686,-0.285429474354,0.310061100634,-0.906858384227,0.313770735433,0.274883354062,-0.908838306436
2,0.260125441019,-0.387324471302,-0.884485448645,0.369678763113,-0.574272816339,-0.730443936601,-0.231227005353,0.298055064395,-0.926119458053,0.389894659615,0.221098024721,-0.893922713588
2,0.21877683071,-0.410220104762,-0.885356518016,0.338184693762,-0.597803627058,-0.726816301675,-0.205418809184,0.274130466552,-0.939497525351,0.399899179896,0.196547961683,-0.895237144379
2,0.184296265955,-0.418052080474,-0.889532092938,0.317729526382,-0.613415846957,-0.723027625176,-0.181222423757,0.279727189897,-0.94282083789,0.412860431231,0.199338967139,-0.888712687264
2,0.164179340877,-0.420601030019,-0.892266730062,0.308822541734,-0.623495644299,-0.718249134533,-0.17169563384,0.291195114293,-0.941130179482,0.412816760253,0.203862323629,-0.887706300225
2,0.170343757673,-0.401098318846,-0.900057299754,0.308013098492,-0.614809077465,-0.726042512132,-0.175116940453,0.309707811503,-0.934566813374,0.413627728819,0.21709686464,-0.88418383457
2,0.199829953546,-0.388861466046,-0.899363524883,0.3151856092,-0.609268961375,-0.727632712608,-0.171249072231,0.319837951046,-0.931867716112,0.414191081852,0.227403324114,-0.881324841302
2,0.230752946431,-0.380009229089,-0.895737720273,0.329308276467,-0.600023332474,-0.729059709171,-0.166359068894,0.330998725941,-0.928851174097,0.415786848101,0.244417025777,-0.876003204592
2,0.25118573597,-0.394994123396,-0.883677185701,0.348663502475,-0.604025346888,-0.716649944086,-0.171013180662,0.351676678624,-0.920368407624,0.407314008654,0.261442230217,-0.875067573741
2,0.262496755903,-0.362674983019,-0.894182481282,0.366665509116,-0.569374481756,-0.735777890365,-0.17288811906,0.39341768728,-0.902957486055,0.389098920764,0.300720040677,-0.870729284563
2,0.283000899425,-0.36776192767,-0.885811297897,0.388047920616,-0.557611350727,-0.733817683656,-0.204342173982,0.431142652154,-0.8788403094,0.339783447307,0.361805432291,-0.868126740805
2,0.292278580549,-0.347976560242,-0.890778055901,0.410407830439,-0.524822744948,-0.745738894721,-0.271804439272,0.478414772922,-0.835009971103,0.244317465744,0.446314279231,-0.860878934628
2,0.285801605878,-0.29172087585,-0.912806864934,0.41912677716,-0.463637829392,-0.780623281631,-0.353398120889,0.49951344213,-0.79094632516,0.113287994219,0.498379676172,-0.85952517633
2,0.282076292286,-0.276758101153,-0.918606509217,0.418883413042,-0.454863427384,-0.785898179605,-0.42440136678,0.505295046689,-0.751372341563,-0.0471009340573,0.538988270776,-0.840995330532
2,0.288995956573,-0.262783676252,-0.92055748141,0.427209136639,-0.436240343145,-0.791951208462,-0.456461819279,0.506639997627,-0.731408586459,-0.181302195169,0.544198992896,-0.819131839302
2,0.297413159528,-0.253003785317,-0.920616368068,0.444284569149,-0.419290505957,-0.791711243592,-0.473684413148,0.518021828122,-0.712233432471,-0.231147716471,0.554441808185,-0.799477963741
2,0.338646715377,-0.265045205864,-0.902811963264,0.489523211335,-0.415635964704,-0.766559697877,-0.484291645,0.518040849989,-0.705049842441,-0.200109042447,0.572146133189,-0.795364805236
2,0.348687701052,-0.245724973957,-0.90445349483,0.486651400903,-0.403248029994,-0.77495899266,-0.484514179958,0.522026839731,-0.701950132146,-0.171980720502,0.592348524997,-0.787112353295
2,0.387355347455,-0.270322952789,-0.88140872244,0.522822339374,-0.407998807147,-0.748460937403,-0.480999244541,0.532424498619,-0.69653706292,-0.160065999618,0.609395074853,-0.776541382355
2,0.402737792325,-0.286025769744,-0.869477733858,0.535804661451,-0.421562111296,-0.731572792746,-0.473562737039,0.547428978767,-0.689970903223,-0.137528594339,0.622149579203,-0.770724196348
2,0.388939089409,-0.292316472175,-0.873657521472,0.529032742893,-0.42159148948,-0.73646790354,-0.466194201968,0.554950416035,-0.688979681699,-0.110467010167,0.631489215478,-0.767475348398
2,0.348643149673,-0.24348318577,-0.905076732898,0.489294863055,-0.390242317626,-0.77993683752,-0.464082648056,0.55169659285,-0.693006612674,-0.0941549250466,0.6388725259,-0.763529138763
2,0.320406809759,-0.235253888795,-0.917602901078,0.482805468347,-0.373314309059,-0.792171260767,-0.459966539592,0.559584149038,-0.689417408107,-0.0846422850796,0.670613296319,-0.736962339864
2,0.284081733433,-0.21910161201,-0.933430261104,0.471256175528,-0.343728057249,-0.812261435553,-0.471074212498,0.596926598359,-0.649436465323,-0.09376794304,0.741094783846,-0.664820347323
2,0.276688580805,-0.196259904443,-0.940704777898,0.49216378439,-0.306409029147,-0.814793419335,-0.492296521837,0.677196135483,-0.546854211536,-0.0578138089479,0.841993946098,-0.536380236613
2,0.30383350556,-0.179543946236,-0.935654408566,0.54465833764,-0.272352514485,-0.79320325459,-0.508378696075,0.7614031195,-0.402264081162,-0.00320737009943,0.927798607771,-0.373067629519
2,0.360357946155,-0.150771434227,-0.920548817426,0.571346015494,-0.244695712421,-0.783382243162,-0.514402253078,0.800394161501,-0.307830323821,0.00781098109345,0.967974047452,-0.250928738956
2,0.421056208459,-0.154071781587,-0.893853206873,0.560060982248,-0.246201516472,-0.791022445605,-0.522866692776,0.805597753216,-0.278608473668,-0.0112453186055,0.973762435763,-0.22728893837
2,0.423767218403,-0.136210991172,-0.8954707759,0.527478592407,-0.216693940487,-0.82146824084,-0.523316763619,0.800392180987,-0.292424215021,-0.0131118493288,0.968338605965,-0.24929585557
2,0.37076575856,-0.13568287603,-0.918761617304,0.532217604102,-0.220363795232,-0.817425360283,-0.52429118268,0.796117842633,-0.302183944652,-0.0131687067648,0.965933330998,-0.258455770353
2,0.315769035452,-0.148474195322,-0.937147442814,0.523973266573,-0.231661012587,-0.81962503083,-0.531884883241,0.791094254737,-0.302106522772,-0.0229078051922,0.966483523559,-0.255704577883
2,0.295116281292,-0.155997543275,-0.942640518442,0.510475770958,-0.237620372378,-0.8264085224,-0.521663853525,0.792317197476,-0.316386286852,-0.0110176847156,0.961107017043,-0.27595635962
2,0.301765059669,-0.157317259956,-0.940313313999,0.495528882945,-0.24021939089,-0.834712986845,-0.524453643929,0.786944830734,-0.325063391895,-0.0191395460615,0.955127041809,-0.295577420962
2,0.320924726836,-0.159261844244,-0.933618222119,0.500373773782,-0.241783605735,-0.831364405365,-0.525599146123,0.787928115437,-0.320803401632,-0.0209847289127,0.955043802617,-0.29572111226
2,0.34367772613,-0.148826779912,-0.927219612682,0.507581001933,-0.238530780418,-0.827927891347,-0.52484121777,0.792862652248,-0.309694221449,-0.018787408211,0.960149763049,-0.278853843095
2,0.36782157963,-0.150695682818,-0.917604542675,0.524484143082,-0.229015152518,-0.820041732824,-0.520421783081,0.794097065956,-0.313960216484,-0.0141711779392,0.959879948696,-0.280052962503
2,0.39096917729,-0.142905139651,-0.90924211488,0.541058871835,-0.22812526538,-0.8094530008,-0.523362188896,0.788439379694,-0.323195550373,-0.0132548593261,0.95525414426,-0.295489134451
2,0.386645224203,-0.144847661312,-0.910782424959,0.53941188734,-0.225793982885,-0.811203977486,-0.530667230674,0.782545991436,-0.3255980061,-0.025579604292,0.955289571303,-0.294563267913
2,0.374407940446,-0.149952786855,-0.915058935723,0.528821521292,-0.222523428007,-0.819042808775,-0.53753017542,0.776270700377,-0.329340416968,-0.0424489368315,0.952837645208,-0.300497104206
2,0.350061509405,-0.150291550949,-0.924591471595,0.517064403577,-0.224281660387,-0.826040034967,-0.549835715916,0.768467187836,-0.32732073983,-0.0591360589783,0.950635081462,-0.304624142874
2,0.329375805855,-0.151540453574,-0.931958727331,0.494968514077,-0.227529352853,-0.83859201264,-0.565165502822,0.761471108943,-0.317410939739,-0.0854441081286,0.950635128941,-0.298315530956
2,0.312799124579,-0.146990243848,-0.938376564006,0.480911907185,-0.218006983945,-0.849233002467,-0.573813657625,0.755819617448,-0.315395929276,-0.103401150695,0.94920154622,-0.297194593976
2,0.294283033105,-0.133546821344,-0.946341768568,0.436037496696,-0.187441396936,-0.880191470187,-0.586594350373,0.724024862341,-0.362898149378,-0.168658856137,0.910604041196,-0.377298913864
2,0.273141466965,-0.132666674147,-0.952781870417,0.41068809534,-0.160257304725,-0.897581686883,-0.611064307923,0.66313338367,-0.432266731366,-0.252429724107,0.829458278858,-0.498275223167
2,0.276159266379,-0.151459860343,-0.949102718518,0.420396350919,-0.18308177063,-0.888677654381,-0.628496885617,0.584415246439,-0.513274278042,-0.305790420451,0.738058895718,-0.601465946843
2,0.315404573935,-0.189569112752,-0.92982982649,0.45333783721,-0.227589123353,-0.861793476585,-0.639822160022,0.498375417215,-0.585020980017,-0.339242828117,0.63312553279,-0.695748778871
2,0.352023313391,-0.238642516821,-0.90505764236,0.479077601248,-0.297698959286,-0.825748134495,-0.64021519096,0.404777536953,-0.652900953317,-0.360042101928,0.513931200485,-0.778616982866
2,0.411923240379,-0.303661846145,-0.85913254346,0.547747090338,-0.380901157326,-0.744907667683,-0.622508256894,0.332242112094,-0.708589196256,-0.330735772254,0.421334821006,-0.844447048405
2,0.418956070086,-0.343912551259,-0.840357048179,0.572216959676,-0.434182769519,-0.69573922824,-0.616848753121,0.289806734383,-0.731785263913,-0.320159838493,0.376031356472,-0.869539013941
2,0.375792844037,-0.334483393418,-0.864234110584,0.5106125901,-0.408774883749,-0.756424402864,-0.62527046235,0.270683870347,-0.731961126869,-0.331286135543,0.365080750156,-0.870037667152
2,0.362286610061,-0.325415844439,-0.87341452951,0.507951283756,-0.39059381782,-0.767738212421,-0.630375155754,0.272583386723,-0.726860000475,-0.330867557922,0.37089433754,-0.867735011104
2,0.350494438654,-0.307066394291,-0.884795952731,0.504003326297,-0.375211194139,-0.777944218357,-0.633791920399,0.263985643044,-0.727062158211,-0.332471503707,0.370399334355,-0.867333287919
2,0.3482200263,-0.29414716394,-0.890067558801,0.510772050498,-0.352607270183,-0.78407909387,-0.634869282774,0.26041694274,-0.727409107535,-0.325036704887,0.372304240141,-0.869333476434
2,0.373840191131,-0.294881531038,-0.879368178949,0.589108698728,-0.381135823949,-0.712521174974,-0.631965176483,0.255817872867,-0.731558084935,-0.310008812859,0.374926509231,-0.873684524657
2,0.379604155254,-0.279368964178,-0.881960127879,0.570146897571,-0.349126981552,-0.743668518859,-0.623246598945,0.262112259602,-0.73679090675,-0.288166705042,0.382982878396,-0.877658284847
2,0.401839333618,-0.270530974284,-0.874836065735,0.586886561666,-0.333801317676,-0.73765902967,-0.60753168467,0.268915690123,-0.747388522609,-0.268295629579,0.389520454553,-0.881073930288
2,0.430030158565,-0.282862493202,-0.857358077272,0.626307376098,-0.360468787788,-0.691231743828,-0.599767903368,0.267054202757,-0.754294713543,-0.253695943179,0.372895766143,-0.892517291713
2,0.436716013554,-0.294324594233,-0.85008949925,0.619907379003,-0.361380817135,-0.696504663634,-0.587276781594,0.265506419453,-0.764599452674,-0.241165525794,0.382813115474,-0.891792188679
2,0.454818299824,-0.310975826787,-0.83452642217,0.64364671186,-0.386484690331,-0.660566797873,-0.582023849768,0.26068347515,-0.770254739736,-0.229563892088,0.349109023076,-0.908528100532
2,0.408025613248,-0.306295733227,-0.860056988077,0.565783238,-0.373338319269,-0.73519237412,-0.596505489823,0.256041594228,-0.760673321891,-0.247698928439,0.308028224487,-0.91856619455
2,0.375846030596,-0.305493772632,-0.874879029449,0.535768445737,-0.38034177161,-0.753851649412,-0.599649783358,0.246315310504,-0.761412440882,-0.250463812621,0.287717482328,-0.924384405391
2,0.377030903914,-0.312262653251,-0.871974617107,0.586499272552,-0.391569951862,-0.70900745842,-0.590197051865,0.244851006322,-0.769230410653,-0.24629854471,0.295844124926,-0.922937311316
2,0.351925702332,-0.304412127277,-0.885144935479,0.541043219869,-0.372497581101,-0.754001184554,-0.588881537235,0.247018695782,-0.769545514598,-0.245973153912,0.30890514478,-0.918735445644
2,0.358137631563,-0.305562134418,-0.882252355547,0.551774812027,-0.377316470297,-0.743758588559,-0.578635683625,0.258290531308,-0.773606325642,-0.218387099546,0.319124136465,-0.922207601507
2,0.382002500401,-0.313836288148,-0.869241550968,0.575708994217,-0.404909836028,-0.710357078282,-0.560036193079,0.264845692426,-0.784994408671,-0.168063300059,0.325934683059,-0.930333977426
2,0.390831498026,-0.324682639664,-0.861296652525,0.562659690091,-0.412851225805,-0.71621780102,-0.524830010874,0.271902545416,-0.806611719158,-0.105634529742,0.326300986412,-0.939344991147
2,0.38578131147,-0.333207855845,-0.860316979097,0.554649255344,-0.418332615223,-0.719278823953,-0.481680261147,0.277991517533,-0.831086543148,-0.0305793036411,0.319169835631,-0.947204055213
2,0.381442227804,-0.349800751386,-0.855652535307,0.545009562799,-0.436996304499,-0.715540918684,-0.46249693731,0.261451079822,-0.84719532331,0.0048929225958,0.313559299404,-0.949556014707
2,0.365396096236,-0.361114132311,-0.857952374145,0.52215117117,-0.452792011081,-0.7227292364,-0.443498328216,0.237224520994,-0.864311147393,0.0327424220128,0.302942860491,-0.952446091429
2,0.333467314714,-0.354819200045,-0.873443120814,0.478155470409,-0.457432919423,-0.74974827132,-0.419961268898,0.247538482304,-0.873130707514,0.0603527601953,0.307812168336,-0.949531049182
2,0.307931566799,-0.345479355589,-0.886466110481,0.450010352679,-0.454992230779,-0.768422248775,-0.391521753785,0.273930686418,-0.878449028318,0.100661263138,0.320241064312,-0.941972914065
2,0.277452892012,-0.335612495972,-0.900213388737,0.417111347073,-0.452768464789,-0.78804748679,-0.352306047234,0.310930704439,-0.882724501823,0.148231116389,0.334920177764,-0.930513842272
2,0.235744207602,-0.30455943057,-0.922858722575,0.378411152895,-0.436382948867,-0.816317904558,-0.329097716381,0.336689299797,-0.882232967234,0.16356256594,0.355069512035,-0.920419974059
2,0.188217259452,-0.261588581012,-0.946649712158,0.333690789266,-0.395488578116,-0.855709788269,-0.310933665207,0.367435196108,-0.876533874133,0.177299955205,0.380729552262,-0.907529467245
2,0.148020618248,-0.225158294141,-0.963012792829,0.291750527356,-0.343583327757,-0.892654539379,-0.294738951038,0.406566703758,-0.864773072046,0.175336780725,0.430239439131,-0.885523030949
2,0.135146360253,-0.179312141059,-0.974465298191,0.278899973241,-0.28019788504,-0.918533586836,-0.275692938394,0.454854867827,-0.846817839286,0.188837890469,0.491264686382,-0.850293631069
2,0.158843871234,-0.120559929266,-0.979915265738,0.308361563531,-0.242274480015,-0.919900115485,-0.247735696592,0.502945742509,-0.828053503541,0.225980883164,0.52153872231,-0.822757559416
2,0.230920685224,-0.122207325916,-0.96526732392,0.366531886187,-0.261128022595,-0.893009816421,-0.22655798877,0.514479857779,-0.827032014896,0.256333368418,0.512764475473,-0.819369145702
2,0.2879913985,-0.149497808825,-0.9458918329,0.411845210056,-0.292625824096,-0.862991106574,-0.218901543237,0.507153438306,-0.8335931288,0.276952447808,0.491787254048,-0.825495389696
2,0.30603143781,-0.184035066063,-0.934064159216,0.432153390754,-0.321853913431,-0.842409345431,-0.218705114291,0.498015296154,-0.839135768383,0.281940132922,0.483347286167,-0.828785353637
2,0.309143559125,-0.207187853604,-0.928172103206,0.429267576718,-0.334818354153,-0.838824187361,-0.218776470545,0.491461725072,-0.842972258574,0.27601042796,0.481810060082,-0.831671395241
2,0.287544502035,-0.208628428787,-0.93476860134,0.398119832341,-0.31943728821,-0.859918843844,-0.229828367539,0.489113852241,-0.841395603162,0.261630993838,0.485470601809,-0.83418674039
2,0.266290553441,-0.210229370309,-0.940687489556,0.390675855244,-0.315987681955,-0.864594795834,-0.242314843549,0.475294628606,-0.845800527674,0.245563092924,0.475989432221,-0.844471922451
2,0.246253103738,-0.214922557911,-0.945075501217,0.398891282776,-0.337032537512,-0.852815814337,-0.242331102464,0.440659051059,-0.864346711394,0.248506178915,0.448585101376,-0.858496409931
2,0.253623419195,-0.232768982126,-0.938878992307,0.398724783946,-0.375621656256,-0.836616350557,-0.224425963299,0.391976692097,-0.892181181067,0.287779961541,0.397746497527,-0.871194821748
2,0.287548373866,-0.282121752432,-0.915272226986,0.412038414368,-0.440963331364,-0.797355432337,-0.177518786676,0.337969567114,-0.924263843327,0.336442394122,0.331677919122,-0.881360467348
2,0.287836154544,-0.313721829171,-0.904836428333,0.401792404626,-0.476192828218,-0.782178530732,-0.130742424325,0.300904428937,-0.944649640411,0.380093596946,0.287119581578,-0.879256051122
2,0.269271537557,-0.318761331754,-0.908781630778,0.395324210226,-0.485541356378,-0.779723258635,-0.0938789447197,0.272503713511,-0.957563820255,0.407583809996,0.274026269779,-0.871082683389
2,0.239864984965,-0.326290738964,-0.914329887215,0.370339955765,-0.499967413952,-0.78286710376,-0.117989246955,0.269460874332,-0.955755918008,0.395851314127,0.265078515358,-0.879224156743
2,0.20750911649,-0.323449704431,-0.923211923275,0.348036862762,-0.496130321892,-0.795440158565,-0.146335107203,0.285739085723,-0.947068746866,0.363902932063,0.256690449203,-0.895368454506
2,0.22848055328,-0.3527735971,-0.907384938139,0.343211273866,-0.536630594261,-0.770865504997,-0.162859828016,0.285115644664,-0.944555845668,0.333321295451,0.22307120673,-0.916043749352
2,0.235183944176,-0.377783411919,-0.895526775747,0.334522652363,-0.57433205017,-0.747152789731,-0.17393624245,0.265563092636,-0.948273392747,0.309170693832,0.183810429469,-0.933074063563
2,0.203343314815,-0.383784830653,-0.900755627282,0.289473594651,-0.596130381151,-0.748888247116,-0.182196485424,0.262346166513,-0.947617501746,0.294688826399,0.16681343015,-0.940920706073
2,0.176355949955,-0.388132887173,-0.90457251827,0.268185881015,-0.60437647727,-0.750203577002,-0.161388820249,0.240849923153,-0.957050136208,0.304254959151,0.138101114905,-0.942526923697
2,0.144196146702,-0.379410389218,-0.91392298791,0.242420316885,-0.596971789925,-0.764759486371,-0.167616425854,0.223656329512,-0.960147165831,0.293610518134,0.131610617717,-0.946821793658
2,0.120191719034,-0.381654132521,-0.916457349692,0.236040495324,-0.595366676634,-0.767999612579,-0.196897524426,0.208886462782,-0.95791325836,0.272398810902,0.127290107496,-0.953727485371
2,0.143838862506,-0.383392053444,-0.912316236285,0.249483045713,-0.591259813682,-0.7669224489,-0.19971593438,0.202612878174,-0.958676987912,0.272920689853,0.123517721618,-0.954074247371
2,0.178936029392,-0.399202735412,-0.899232491309,0.290041028376,-0.604390263883,-0.7420165839,-0.190112620852,0.194822306158,-0.962237735914,0.280902199586,0.127868546403,-0.951180103403
2,0.211400107873,-0.392210102472,-0.895254840763,0.323273638725,-0.595694555556,-0.735283721421,-0.184511011125,0.186006118224,-0.965068604171,0.289713484385,0.137450057385,-0.947192471829
2,0.225458645118,-0.375905006997,-0.89881245266,0.344492520583,-0.569895041031,-0.746019132108,-0.17411628742,0.182533192802,-0.967659626098,0.309538107309,0.153389824673,-0.938433653388
2,0.230590110116,-0.374976646925,-0.897897942629,0.360512965263,-0.563896705003,-0.743001283959,-0.157646516492,0.174930331453,-0.97187805561,0.3302793561,0.159398652475,-0.930326618196
2,0.230306192125,-0.377589754536,-0.896875150251,0.357943402582,-0.564228779426,-0.74399086353,-0.158255160446,0.170228963783,-0.972613697252,0.333630321042,0.156838868559,-0.929565693316
2,0.228942047712,-0.381947629737,-0.895377879405,0.357985746976,-0.562370928774,-0.745375840387,-0.164941329613,0.167859550059,-0.97191436312,0.334051096548,0.157630300915,-0.929280664347
2,0.22918340142,-0.378239630516,-0.896888928698,0.36159469711,-0.553268364789,-0.750428805114,-0.167388933167,0.169828732589,-0.971153513426,0.331230256102,0.164721690643,-0.929060429722
2,0.23467678316,-0.372477779025,-0.897879229951,0.374512055282,-0.545850630795,-0.749525055824,-0.159478212059,0.175201940962,-0.971530225861,0.345752312968,0.169553789139,-0.922879651236
2,0.230063457057,-0.369704604657,-0.900216257919,0.370862471585,-0.542150790573,-0.754011636151,-0.16949288027,0.17723858241,-0.969463072243,0.3328551874,0.181454241807,-0.925354949385
2,0.23171636355,-0.367434666652,-0.900721539992,0.375013751197,-0.537713694273,-0.755134868354,-0.180800484225,0.180657494267,-0.966785423281,0.326282204186,0.185158469399,-0.926960767477
2,0.231888746173,-0.373686943483,-0.898101151134,0.3747081496,-0.545287040227,-0.749837213256,-0.188620282308,0.175406114899,-0.966258290499,0.324612601486,0.177203663402,-0.92909930612
2,0.235053537253,-0.375922394706,-0.896343788835,0.376245815977,-0.549449773977,-0.746018787857,-0.190663018248,0.166780877225,-0.967383973645,0.320598463457,0.162180803805,-0.933227738607
2,0.23470202092,-0.379661647523,-0.894858645137,0.375992655424,-0.558273521684,-0.739567575042,-0.190384670501,0.157446951028,-0.969001617569,0.32221180671,0.146634815153,-0.93524209839
2,0.223515969171,-0.377936613342,-0.89844561762,0.360089995222,-0.559666734536,-0.746396906206,-0.200194041896,0.160904144478,-0.966453414231,0.312381874369,0.156948729257,-0.936901628214
2,0.219438487903,-0.381535412806,-0.897929551135,0.356006014858,-0.558540386457,-0.749194470135,-0.192989954566,0.159474652904,-0.968154281361,0.315376423026,0.146164068731,-0.93764267011
2,0.218526779484,-0.386349571201,-0.896091544141,0.356305988965,-0.561621024939,-0.746744847035,-0.190527488053,0.161936422129,-0.96823337656,0.316766336549,0.148472349694,-0.936811106577
2,0.210328861558,-0.382861538466,-0.899543668956,0.344989695945,-0.562629376441,-0.751285760851,-0.203263477956,0.165094291886,-0.96510508926,0.307588963986,0.152059912392,-0.939290589901
2,0.215861179085,-0.381394872289,-0.898855885421,0.348738034339,-0.564211740214,-0.748362810146,-0.208231561341,0.170725735653,-0.963064037355,0.308538661299,0.162846496537,-0.937168561706
2,0.226968505395,-0.37321676063,-0.899552414895,0.358339619166,-0.558449303128,-0.748149111589,-0.201244849378,0.177916089252,-0.963247826774,0.315362874677,0.172327652179,-0.93319314055
2,0.229592998371,-0.370656638493,-0.899944837998,0.364713744885,-0.557292914608,-0.745927939965,-0.20356767124,0.178335147012,-0.96268207554,0.315209940743,0.178049803113,-0.932170027875
2,0.231110947126,-0.371864556786,-0.899057551843,0.370404179509,-0.554306511996,-0.745348934769,-0.206494859584,0.175294684707,-0.962617081959,0.310554490324,0.174264158656,-0.934445242669
2,0.238862396415,-0.376473477926,-0.895104729067,0.386792551174,-0.559329590701,-0.733172511298,-0.208620018121,0.175670209501,-0.962090258517,0.309998753981,0.175575861749,-0.934384230015
2,0.244543813553,-0.381887433646,-0.891268933194,0.396801528676,-0.559843417237,-0.727409028688,-0.202214638573,0.171727679685,-0.964167435655,0.312138285359,0.172940094834,-0.934163483771
2,0.240207772758,-0.381329303777,-0.892685940288,0.3898721125,-0.557798279565,-0.732707864847,-0.205270984002,0.169685678335,-0.963883080926,0.302953503664,0.17047074903,-0.937634736101
2,0.243650214048,-0.378941247696,-0.892769905401,0.39948126108,-0.551940055287,-0.731967825397,-0.202859431603,0.171291407701,-0.964109591622,0.304311182415,0.169617313322,-0.937349812652
2,0.239822370889,-0.376174363942,-0.894973786395,0.392457434323,-0.547794901265,-0.738849043034,-0.21282539574,0.173081834993,-0.961638200844,0.288548656115,0.176548284673,-0.94104748883
2,0.239504922452,-0.377904145109,-0.894329832461,0.39132449319,-0.549794526782,-0.737964172132,-0.207428316524,0.169203897163,-0.963505856074,0.291121595234,0.170361651036,-0.94139530732
2,0.2357931649,-0.369969776842,-0.898623362489,0.390382652628,-0.540792785084,-0.745080229323,-0.213139981436,0.176951362704,-0.960863967245,0.288421631378,0.191416154844,-0.938175259863
2,0.23944509541,-0.33704336474,-0.910531612064,0.403255871252,-0.500241533748,-0.766252641245,-0.224892575846,0.237663749135,-0.94495464001,0.275691676791,0.261029889207,-0.925125665133
2,0.254164282924,-0.274075915892,-0.927514371648,0.420859654583,-0.427506312482,-0.800072186701,-0.239608726947,0.321104118255,-0.916231304426,0.249241511244,0.365197938912,-0.896944331877
2,0.260975653944,-0.201042268833,-0.944178857098,0.424824843364,-0.34865348802,-0.835442755521,-0.253173651206,0.413332511894,-0.874676704243,0.214887125767,0.483306132809,-0.848668784137
2,0.262892498191,-0.128011020776,-0.956295306354,0.421339340048,-0.263599077987,-0.867749207209,-0.266890543261,0.484315223064,-0.833191576185,0.176087265338,0.579892889085,-0.795435423007
2,0.253972504498,-0.0626950395126,-0.965177340689,0.405657061902,-0.177588681047,-0.896607276623,-0.263295947242,0.538445987546,-0.800469338989,0.153223809491,0.651532834668,-0.74298548408
2,0.238484584866,-0.028131174495,-0.970738759813,0.399796643983,-0.140987005057,-0.905696035028,-0.259861034462,0.553394414793,-0.791344971832,0.142260018265,0.679011733189,-0.720211880903
2,0.244550630603,-0.0198572205281,-0.969433174522,0.417241923551,-0.161396311036,-0.894349153304,-0.2588019587,0.542759620877,-0.799020362768,0.140246858487,0.680969197524,-0.718757101327
2,0.252964418756,-0.0315657133255,-0.966960500013,0.416991541258,-0.182910363903,-0.890315591965,-0.264163436319,0.527636000558,-0.807352419844,0.13238359549,0.686910763927,-0.714582525708
2,0.24820358217,-0.0364120500886,-0.968023318111,0.410122173211,-0.174176253421,-0.895244344179,-0.25794122616,0.504709521812,-0.823853520014,0.131007977562,0.673765311762,-0.727239447831
2,0.254235044678,-0.0466913228281,-0.966014731994,0.419801818329,-0.163626912207,-0.892744457798,-0.240298763245,0.486439832803,-0.840019519681,0.143241599972,0.664203746905,-0.733699684227
2,0.257478743855,-0.0598310065806,-0.964429855985,0.430255282103,-0.172734703087,-0.88602658796,-0.238882745093,0.479411656598,-0.84445218788,0.153107321059,0.657947315128,-0.737335390954
2,0.258090554356,-0.0569522673058,-0.964440617664,0.42754767662,-0.171470831,-0.887581398145,-0.25920831016,0.474891843776,-0.841004630582,0.125561972525,0.663158363272,-0.737872059559
2,0.243105102795,-0.0350549739328,-0.969366317652,0.403302245968,-0.152285316658,-0.902306201202,-0.291706965044,0.466858055363,-0.834835674062,0.0773985469893,0.678198603222,-0.73079143366
2,0.238521526922,-0.00608573488088,-0.971118141642,0.410302507805,-0.120952233874,-0.903892919106,-0.312439875091,0.447869806607,-0.837731437146,0.0112664222871,0.68996506334,-0.723754985544
2,0.239360602108,0.0256942616392,-0.970590700078,0.426868784158,-0.0819597625788,-0.900591826761,-0.340967841521,0.439191660762,-0.831174840913,-0.0793272714781,0.694272867692,-0.715326756935
2,0.257626803961,0.0567667077029,-0.964575539176,0.469454991802,-0.0475429833116,-0.881675493257,-0.364101073022,0.431005460793,-0.8256298816,-0.162697796545,0.687155473339,-0.708058459775
2,0.253117193846,0.0704217005071,-0.964869146712,0.493522272104,-0.0122563451418,-0.86964679551,-0.399149895297,0.441157846589,-0.803778026247,-0.217729792989,0.695432286167,-0.684812144023
