0,0.0595413697212,-0.250207085321,-0.96635978794,0.173097678436,-0.272710017265,-0.946396555469,-0.141950106213,0.977235683205,-0.157672403474,0.250837940853,0.943990108102,-0.214389839392
0,0.0595646667297,-0.230440172433,-0.971261745055,0.15144011178,-0.273167468794,-0.94997127669,-0.207290479457,0.967294615805,-0.146190914083,0.164423255743,0.948555915039,-0.270567309583
0,0.0521485899558,-0.210765407439,-0.976144696033,0.123940239819,-0.265183765593,-0.956198926698,-0.283460547089,0.942499502159,-0.177044645993,0.0555426848029,0.942823464531,-0.328631898777
0,0.0593830932483,-0.199693618965,-0.978057312626,0.123428622938,-0.264110308948,-0.956562135853,-0.330179307991,0.911942508147,-0.243603133002,0.0313568988263,0.923211725749,-0.383010253563
0,0.0672526242384,-0.190588808073,-0.979363564143,0.126846682918,-0.261609084537,-0.956802281519,-0.348004272606,0.880831081145,-0.320982293495,0.0228267949256,0.896926495337,-0.441590080727
0,-0.199349063935,-0.588419240395,-0.783596036386,0.0270292202796,-0.560753015579,-0.827541827807,-0.363294751963,0.855964960598,-0.367887087874,-0.00395135463585,0.880404056464,-0.47420784911
0,-0.318336113655,-0.740713523093,-0.59161270731,-0.0149187666766,-0.700566618214,-0.713431036502,-0.383896746909,0.843967404378,-0.374622887796,-0.0361009068936,0.879401974854,-0.474709270127
0,-0.395356648113,-0.792652719432,-0.464106439483,-0.0575655336553,-0.778082656618,-0.625518655841,-0.408399587254,0.842285915643,-0.35180138351,-0.06643068189,0.895526009384,-0.440022875566
0,-0.492610459886,-0.733802670598,-0.467833918644,-0.104180077353,-0.812544214527,-0.573514089558,-0.458527501148,0.814983029451,-0.354337681314,-0.123652849748,0.915657842728,-0.3824665839
0,-0.684064953214,-0.554360164342,-0.474067450871,-0.340799045421,-0.768431313391,-0.541635788367,-0.552889861585,0.746448296373,-0.370307631299,-0.230648748913,0.880202864679,-0.414781956739
0,-0.757433123751,-0.43411995189,-0.487683227532,-0.445784578953,-0.662273751654,-0.602220546841,-0.634164043809,0.665480334154,-0.393664692848,-0.333946346349,0.807304695719,-0.486558286365
0,-0.772096217375,-0.351201445028,-0.529646085727,-0.520310292908,-0.543874322218,-0.658390401454,-0.674810227248,0.592773218436,-0.439603308343,-0.423210527177,0.70566106239,-0.568273978564
0,-0.761461919262,-0.300146128922,-0.574532894452,-0.527299856751,-0.474850128282,-0.704607846068,-0.688317280812,0.527561281228,-0.497893980165,-0.453573873608,0.63503339803,-0.625302586407
0,-0.738908385498,-0.261169687116,-0.621131863917,-0.513848639986,-0.447014846438,-0.732213972994,-0.691153507293,0.480607502681,-0.539743696325,-0.461618524864,0.594506087049,-0.658385031698
0,-0.741366927303,-0.275049414702,-0.612146141516,-0.502617922585,-0.457960549197,-0.733244406236,-0.683238954281,0.484637783197,-0.546178313786,-0.442887315511,0.608648580414,-0.658329500569
0,-0.727167918495,-0.369391972167,-0.578598642593,-0.449400900585,-0.520048608087,-0.726352721327,-0.673325912319,0.532945175487,-0.512446734525,-0.426568470551,0.65273677252,-0.626078306391
0,-0.691184857436,-0.474929547295,-0.544706726558,-0.381017072135,-0.593579060409,-0.708865212707,-0.64751676693,0.589706936213,-0.482667344997,-0.397121315377,0.702176023781,-0.590968266915
0,-0.671985513772,-0.512616357727,-0.534471644777,-0.356572617587,-0.619503329921,-0.699336537444,-0.635426789395,0.611282090401,-0.471770072466,-0.376888707931,0.725141824823,-0.576302208677
0,-0.652242589336,-0.538378232122,-0.533599553817,-0.321151898725,-0.635583441308,-0.702064916571,-0.626102713894,0.621064106753,-0.471460249604,-0.355189800986,0.736220579309,-0.576037727825
0,-0.644700117656,-0.534249182725,-0.546753663958,-0.298956338157,-0.623808583123,-0.722141232376,-0.63598176654,0.613010469461,-0.468770046995,-0.349006733877,0.739879312063,-0.575128597177
0,-0.595318092815,-0.548941348459,-0.586736537399,-0.216374500317,-0.612063769589,-0.760631328286,-0.661600751547,0.632605002235,-0.402610676336,-0.356720463713,0.788266414693,-0.501384652972
0,-0.469619438509,-0.591859896043,-0.655102622824,-0.0854796427755,-0.608476412369,-0.788954806223,-0.672502494578,0.6874966801,-0.274023191788,-0.362719450611,0.852215300332,-0.377045994579
0,-0.304229003378,-0.624821543105,-0.719056849474,0.0564066248039,-0.590974967652,-0.804715403286,-0.640860295631,0.753925762351,-0.144547661163,-0.322508211596,0.910067644026,-0.260317761113
0,-0.15465705039,-0.643850806216,-0.749357949247,0.165424462333,-0.563545408678,-0.809352407558,-0.579826572081,0.814710617303,-0.00691059789017,-0.24260402202,0.957274617431,-0.157380415943
0,-0.0542826778508,-0.644921845901,-0.76231830856,0.240436637895,-0.541010110016,-0.805914563721,-0.52575697369,0.837857366192,0.146883077767,-0.214784096593,0.975036465042,-0.0563177031588
0,0.0396476659071,-0.636123691696,-0.770567785111,0.296852102436,-0.51647467344,-0.80320155688,-0.450149157432,0.839464062176,0.304410618044,-0.185238624263,0.98211394479,0.0337468743896
0,0.0713446850824,-0.622618582369,-0.779266345224,0.304315085243,-0.498976541746,-0.811427593616,-0.415125425251,0.822122475964,0.389596606536,-0.16746222019,0.982303066072,0.0838873720839
0,0.118896061014,-0.595482075641,-0.794521758208,0.320924572934,-0.471175612583,-0.821584420857,-0.378250956132,0.821179961223,0.427305143277,-0.140192646854,0.983954505325,0.110361013129
0,0.13914767307,-0.583927318432,-0.799791730307,0.335009326408,-0.457562537113,-0.823653613997,-0.339792172544,0.818487396931,0.463270612647,-0.11979003211,0.980441272379,0.156157803591
0,0.137344291441,-0.583070669568,-0.800727881304,0.354114783262,-0.456863266202,-0.816013894655,-0.302092460223,0.800489130118,0.517645919562,-0.108583206137,0.970291157966,0.216205356356
0,0.168937470194,-0.562838781183,-0.809118432346,0.380818583821,-0.424145615823,-0.821631123312,-0.282131219015,0.793705986019,0.538918159848,-0.112184495441,0.962887765491,0.245482769356
0,0.251640534578,-0.528062121696,-0.811065618176,0.427070036431,-0.385065684971,-0.818129330999,-0.252007672393,0.803355125121,0.53954858539,-0.100461076403,0.961960759433,0.254045408223
0,0.327543664821,-0.518201444898,-0.790052156596,0.471543998703,-0.370035792797,-0.800449729425,-0.24348877918,0.798571567501,0.550451329359,-0.0913698184118,0.958379360489,0.270482083828
0,0.389114673044,-0.514943157791,-0.763821520688,0.525007605148,-0.355192842901,-0.773437171908,-0.225258476038,0.804957578898,0.54890975137,-0.067222778583,0.959453657261,0.273733040769
0,0.44140870011,-0.516633305318,-0.733654133297,0.600544364414,-0.347195592556,-0.720278895207,-0.196340395302,0.806634142868,0.55748704804,-0.0371260702096,0.957463996445,0.286154417093
0,0.488229486365,-0.526586626291,-0.695944317928,0.654470600237,-0.342772273032,-0.673925368468,-0.178181037323,0.811176900576,0.556995111208,-0.0199242657583,0.961903970971,0.272660547684
0,0.53699189099,-0.530103863451,-0.656223744591,0.687885559897,-0.331426005259,-0.645732343563,-0.154386346964,0.829814820245,0.536257605981,0.0118277245956,0.967686322995,0.251879505359
0,0.586362361538,-0.521621956119,-0.619749720344,0.723442948119,-0.316735620393,-0.613440174419,-0.0837800025112,0.848743128013,0.522126434716,0.053968662493,0.970931839426,0.233192509864
0,0.655656125525,-0.511460779762,-0.555448391686,0.763973064159,-0.325431767514,-0.557170819347,-0.0185245862763,0.857457317297,0.514221536614,0.115102319071,0.96569779743,0.232764301781
0,0.703572360089,-0.500364654982,-0.50459998629,0.780880641875,-0.343049721762,-0.522055850982,-0.000473933008357,0.858097142684,0.513487165472,0.14892134487,0.957780115037,0.245926176489
0,0.712626228967,-0.507700542252,-0.484152886168,0.780786792136,-0.359077739391,-0.511307307106,-0.00924644048213,0.851825548026,0.523743963277,0.153333464356,0.951001392298,0.268486872222
0,0.698990554482,-0.515455213468,-0.495699634511,0.767497875174,-0.365664766024,-0.52653232616,-0.0260325127496,0.851855649448,0.523129296431,0.141959044508,0.952915422931,0.267954896247
0,0.686591706753,-0.535076714729,-0.492224275684,0.75487320672,-0.386548969686,-0.529855013954,-0.00729078421279,0.852505684373,0.522667104931,0.159637833845,0.954812979334,0.250694907209
0,0.660380328293,-0.568849577744,-0.490212178454,0.734100380521,-0.418064584034,-0.535087502092,0.0423646554018,0.864559902021,0.500740862912,0.201233359724,0.954237410968,0.221215050217
0,0.596479543368,-0.620005209939,-0.509711383031,0.674325579247,-0.47436755094,-0.565915576555,0.110083319463,0.879011782924,0.463918040452,0.264183105258,0.949541297226,0.169052097762
0,0.523838518313,-0.685166403742,-0.506102959796,0.600467564881,-0.554023223447,-0.576625503604,0.200586722712,0.899097414283,0.389087144867,0.334728166384,0.936910356394,0.100777173564
0,0.497847659968,-0.731478903676,-0.465925231063,0.542314901421,-0.617059479039,-0.570203601378,0.262961294196,0.912819958906,0.312427720245,0.400560593735,0.914767463039,0.0524566422066
0,0.492720413735,-0.775547122587,-0.394655868492,0.499674847998,-0.676855721373,-0.540547295547,0.322419631972,0.926325520597,0.194850226608,0.447410723751,0.893345360334,-0.0419250693819
0,0.456161664382,-0.842106690432,-0.287702724834,0.470343215897,-0.744956563702,-0.473092990286,0.366566473641,0.930382882236,-0.00408813458512,0.47623407379,0.85737125493,-0.195232267265
0,0.363935070961,-0.918003812688,-0.157544482651,0.413780006208,-0.828042576697,-0.378327368345,0.387319246536,0.894691771989,-0.222509402944,0.477520957594,0.794016874555,-0.376179396007
0,0.246839465727,-0.968536016049,0.0317531695259,0.346181129425,-0.907915989297,-0.236320083806,0.419808089896,0.82695281066,-0.374045741318,0.490192859713,0.712607954535,-0.50189726381
0,0.127184832258,-0.969523414421,0.20940001751,0.245515079966,-0.966589810603,-0.0736646695986,0.443734510544,0.754444930125,-0.483645047077,0.504214161034,0.628378318438,-0.592375530157
0,0.0527536401112,-0.954768797263,0.292632187614,0.16039018775,-0.986884001379,0.0183017894087,0.457462265125,0.676149697542,-0.577537758507,0.511165669195,0.529170044681,-0.677265621783
0,0.00829288965747,-0.949221565643,0.31449904181,0.0909477390201,-0.994288379604,0.055849144594,0.461750372839,0.600834495413,-0.652521648916,0.513822426567,0.436319332553,-0.738655504276
0,-0.0510662345537,-0.946731154472,0.317950249003,0.034917679854,-0.99703572342,0.0685603519343,0.470565679995,0.539170984132,-0.698471610505,0.521291019351,0.372765250475,-0.767659912449
0,-0.150051595115,-0.944123012139,0.293455715147,-0.0564121226315,-0.996089252246,0.0679990733849,0.462098391611,0.506521595813,-0.727942957549,0.52413471843,0.327357134621,-0.786206145581
0,-0.260113918276,-0.921108703712,0.289654113496,-0.149225516859,-0.987349130189,0.0536044796035,0.460923537773,0.478992685171,-0.747071281659,0.529361996081,0.294383576995,-0.795684728206
0,-0.3290113089,-0.887678558026,0.322146451535,-0.219875902894,-0.973022185457,0.0698742723423,0.47992189837,0.460169675142,-0.746939650537,0.549872139906,0.266809713955,-0.791487969773
0,-0.362407570783,-0.854039006853,0.373199849159,-0.258567476744,-0.959292764896,0.113579272705,0.520051784429,0.428156898747,-0.739072264103,0.582033199338,0.227781931531,-0.780610496046
0,-0.365452930502,-0.834091622159,0.413201308604,-0.265018010848,-0.953204285623,0.145488981701,0.549744180813,0.398880578462,-0.733945243044,0.603763485179,0.191992499786,-0.773697960441
0,-0.360005314927,-0.813572794566,0.456613054091,-0.261424852388,-0.946263062165,0.190376636529,0.573456865109,0.38937732498,-0.720786044989,0.624939727385,0.176325593042,-0.760499587359
0,-0.342926025896,-0.803247088968,0.487027570911,-0.247465536264,-0.945124047184,0.21331043996,0.574873969696,0.400784496768,-0.713366459905,0.653249601495,0.166753429949,-0.738551455043
0,-0.335655153616,-0.800933138115,0.495824289563,-0.230730365643,-0.951023204813,0.205714273391,0.579232488425,0.414232003017,-0.702069492308,0.667988706663,0.156213544016,-0.727590830369
0,-0.341163661682,-0.797713292994,0.497253313843,-0.230985802479,-0.949764387268,0.211170944332,0.593360365115,0.411535527798,-0.691781747714,0.680653040986,0.147044959203,-0.717697162994
0,-0.341960230663,-0.801135900312,0.491166438059,-0.231163130653,-0.949890358438,0.21040892085,0.600620071865,0.41528478568,-0.683223298823,0.689608791231,0.146069758532,-0.70929777999
0,-0.320785286206,-0.811481999285,0.488460607408,-0.213221237983,-0.954613028839,0.207967951484,0.61149985118,0.417172170228,-0.672335714056,0.69595001154,0.151174749125,-0.70199699192
0,-0.293952042063,-0.836947871833,0.46163888138,-0.179708313038,-0.966255145136,0.184542452361,0.614119071247,0.425337061118,-0.664790305864,0.706034926745,0.185227276853,-0.683524350792
0,-0.249620154009,-0.874803321853,0.415221539407,-0.129140643311,-0.981417972544,0.141920602496,0.61191891411,0.472737201685,-0.63409366871,0.707813535532,0.253468884509,-0.659358418088
0,-0.19771943195,-0.925380120434,0.323386238012,-0.0616573069051,-0.996797390241,0.0509248398529,0.57953620428,0.57773563582,-0.574768930122,0.706329187617,0.342315867497,-0.619611915299
0,-0.180008885563,-0.97116972854,0.15628870556,-0.0381604576078,-0.995092604156,-0.0912934205128,0.507954732571,0.707867551843,-0.490821269614,0.67152930156,0.476146093741,-0.567744039652
0,-0.187228951797,-0.98184192212,0.030524737138,-0.0219164655846,-0.97424841889,-0.224409640674,0.421278475852,0.832817042584,-0.359082468753,0.609002154779,0.618816360241,-0.496168003576
0,-0.210994630205,-0.975048814393,-0.0690005476439,-0.0100154970678,-0.93493015168,-0.354690430232,0.306943399235,0.92519470873,-0.223160257672,0.511300803522,0.744390957084,-0.429480606464
0,-0.198683824936,-0.969085945122,-0.146277710797,0.0202643378487,-0.89605928149,-0.443471668394,0.219904093468,0.96553947924,-0.139196636829,0.42853576882,0.814473789239,-0.391138775226
0,-0.138957079942,-0.967517473134,-0.211189178496,0.044168379928,-0.883130308352,-0.467043908734,0.21407701246,0.969663718956,-0.117997054523,0.36892633424,0.857837990163,-0.357781137762
0,-0.0255610726425,-0.974685396107,-0.222114858083,0.0910230132965,-0.873327411316,-0.478554117833,0.267980928623,0.957630717087,-0.105497069082,0.36068675455,0.875836796689,-0.320647736088
0,0.106223412311,-0.976044063079,-0.189880419224,0.180064875776,-0.8722769516,-0.454653230736,0.338122809323,0.93955134278,-0.054002223058,0.411971325603,0.870557300936,-0.269090342948
0,0.176156600352,-0.967264637206,-0.182669027925,0.229079615195,-0.86529980593,-0.445846134624,0.365842848835,0.929295072849,-0.0506919868941,0.451636595921,0.853633177733,-0.259489466256
0,0.178918620529,-0.962240201602,-0.20513878631,0.231453050198,-0.861642304474,-0.451665832996,0.387785503832,0.917228498567,-0.0911826981118,0.469302851379,0.83611683844,-0.284013144353
0,0.154374975391,-0.963772851642,-0.217509212244,0.220635105728,-0.862885932381,-0.454695522101,0.396886553409,0.912023038528,-0.103416830923,0.474316596852,0.829515888319,-0.294834117729
0,0.1226534721,-0.967520852335,-0.221041910232,0.203948071689,-0.862318182657,-0.463478732968,0.370978323639,0.922198597206,-0.109200873174,0.460793867404,0.833033836278,-0.306143168108
0,0.119821736047,-0.962202328011,-0.24455966867,0.223209486292,-0.846734455128,-0.482926793343,0.352844621675,0.924492369719,-0.144272420394,0.464058916025,0.818787399388,-0.337988930382
0,0.129711321908,-0.937032291726,-0.324261402624,0.259904052786,-0.798534331975,-0.542948251681,0.357119178787,0.90378260748,-0.23588745316,0.48242272649,0.773301039926,-0.411428990976
0,0.120523619479,-0.868624030867,-0.480589585975,0.284205380861,-0.732451719242,-0.618661280887,0.357730577536,0.860447235994,-0.362848987826,0.507597868925,0.710538045416,-0.48731928905
0,0.115570008965,-0.785104369595,-0.60848558066,0.298104989986,-0.672534543085,-0.677370432853,0.381866461145,0.82168376622,-0.42310021766,0.511358769076,0.689430427601,-0.513028161788
0,0.0744480144439,-0.764922771476,-0.639805163173,0.303441568347,-0.652490629702,-0.694391238965,0.380098430557,0.853819282586,-0.355693429477,0.490357658404,0.740826147324,-0.459049002052
0,-0.0492099729089,-0.756548705284,-0.652083150448,0.302670345998,-0.633108544041,-0.712435423821,0.290179504197,0.92601208731,-0.241448689167,0.445696686349,0.803026556162,-0.395604365339
0,-0.199132247814,-0.737785361471,-0.644995432759,0.244414119372,-0.654457409211,-0.715504883129,0.149741259868,0.98152178113,-0.119132481972,0.372642587684,0.865712815446,-0.33418381621
0,-0.234578718763,-0.737476937641,-0.633325028047,0.200819404035,-0.673145722555,-0.711720733974,0.0358476632837,0.996585859768,-0.074374519482,0.295931080942,0.904744678365,-0.306368833766
0,-0.190889196033,-0.724716371007,-0.662078164896,0.211441404084,-0.650260776707,-0.729694083103,-0.0529664392769,0.990829109244,-0.124307009397,0.250192847793,0.907926543563,-0.336263186222
0,-0.140395726023,-0.68620321135,-0.713732577964,0.239806806428,-0.608183369544,-0.756707132649,-0.0888002770371,0.973211371762,-0.212071065142,0.236765122337,0.873321173077,-0.425737484255
0,-0.0635738360925,-0.633242712106,-0.771337821534,0.297924522785,-0.535150118062,-0.790477912317,-0.157074361705,0.949286981327,-0.272363492372,0.222255872238,0.862867955042,-0.453939664952
0,0.0277685508412,-0.496151495387,-0.867791796003,0.358480312633,-0.441328681495,-0.82263045187,-0.177029152448,0.932544612918,-0.314676379955,0.250107285474,0.841005470793,-0.479745915928
0,0.0939211173442,-0.336543620699,-0.936972366233,0.380600081695,-0.367666740434,-0.848507363429,-0.18567560708,0.918254838022,-0.349760805958,0.255520594231,0.830413325026,-0.495098914908
0,0.152608303589,-0.217098968654,-0.964146640032,0.397593137207,-0.359681611928,-0.844126077839,-0.204502012712,0.908141080637,-0.365320002815,0.232944954994,0.839180784792,-0.491438967095
0,0.120868343228,-0.130443253111,-0.984060669534,0.412063066676,-0.335752664899,-0.847038474389,-0.256660723134,0.901996586131,-0.34717060908,0.171128584656,0.870614534273,-0.461243254938
0,0.127245295249,-0.108286371611,-0.985942542221,0.435048370433,-0.402937300362,-0.805217018797,-0.288738711919,0.917348054089,-0.274048360511,0.123079477186,0.891135424851,-0.436725425035
0,0.123240237693,-0.0904299997262,-0.988248075618,0.438493699718,-0.441604632779,-0.782757065516,-0.319185082374,0.937347596541,-0.13964371253,0.0361799902066,0.930309542138,-0.364986525937
0,0.129595083123,-0.0793424578542,-0.988387519555,0.452406034975,-0.451522087424,-0.76906214579,-0.347271014138,0.937657775368,-0.0141682402416,-0.0616166047827,0.955913099646,-0.287112416904
0,0.117396525859,-0.0477280069679,-0.991937544943,0.453346904608,-0.402925354607,-0.795064615423,-0.385688657998,0.920798457258,0.0580901041703,-0.144825829885,0.958445949113,-0.245778033247
0,0.13272979136,-0.0570069325575,-0.989511501765,0.487044612566,-0.376783901774,-0.787922227593,-0.411397959577,0.905704532842,0.102230220799,-0.203220600912,0.958014240183,-0.202262460609
0,0.172091608536,-0.0931501045137,-0.980666883453,0.512259162544,-0.377675432756,-0.771331198567,-0.411601266848,0.897736208102,0.157016234164,-0.233417147338,0.960602142054,-0.150864044786
0,0.208154805403,-0.133801453888,-0.968900793645,0.503800325078,-0.356373198529,-0.786882059664,-0.410272096244,0.887552891744,0.209586906556,-0.222941509195,0.969942791849,-0.0975093022128
0,0.306137746642,-0.202785118188,-0.930138632636,0.512000196356,-0.351282613003,-0.783872645736,-0.408727738778,0.882788082459,0.231574689941,-0.210242155223,0.974855794259,-0.0738540220098
0,0.36718011096,-0.234697519531,-0.900053243115,0.52013619415,-0.352071574823,-0.778141340462,-0.416424592645,0.877222794881,0.238894802751,-0.212858028453,0.97449988736,-0.071003022881
0,0.405036509182,-0.253769147544,-0.87837727998,0.512629263837,-0.344579016618,-0.7864327938,-0.416157266756,0.880827463588,0.225734597957,-0.209869291124,0.973665047167,-0.0890576025274
0,0.417603820552,-0.268656699912,-0.868003817188,0.501827737994,-0.340000458219,-0.795341819465,-0.400959676029,0.895723749933,0.192120540297,-0.190203264165,0.974168187475,-0.121733564858
0,0.41266764907,-0.290166186531,-0.863428627974,0.498574802345,-0.346404404815,-0.794623907765,-0.371210830556,0.91089305096,0.180212011226,-0.165817968367,0.977078604788,-0.13349831996
0,0.398868948674,-0.322594857756,-0.85839158869,0.489069115143,-0.359600815649,-0.794668895829,-0.347823430097,0.918699750443,0.187108604857,-0.140400095977,0.981455955039,-0.130506786674
0,0.384069719888,-0.351604314763,-0.85373582337,0.480012554478,-0.371657955895,-0.794643512126,-0.338316130568,0.920529393568,0.195365891022,-0.131796921045,0.983396263151,-0.124745185169
0,0.363429533414,-0.371652439671,-0.854279484905,0.464972474245,-0.380859493003,-0.799216269094,-0.35403653305,0.915874122937,0.189295335921,-0.149755281027,0.979942381493,-0.13147731652
0,0.356087945574,-0.379537742667,-0.853904255117,0.45915530374,-0.391399851215,-0.797485149402,-0.367478345414,0.914530821632,0.169094772058,-0.157642200959,0.976995254046,-0.143628722923
0,0.355502352877,-0.390169837893,-0.849344202722,0.454530841272,-0.41205959255,-0.789688930225,-0.374518212342,0.912419597122,0.165004810271,-0.163358878646,0.976039910981,-0.143735760824
0,0.359005045796,-0.403772293467,-0.841476863688,0.448185488934,-0.43906554717,-0.778685567349,-0.369882448721,0.914417314001,0.164401794343,-0.154341297327,0.977062627261,-0.146722139942
0,0.364859783268,-0.436808023164,-0.822238462645,0.44650617258,-0.473135047234,-0.759457348985,-0.36276482278,0.913629019511,0.183531190974,-0.137418672945,0.98262621151,-0.124747091271
0,0.338424620179,-0.483802013447,-0.807096269501,0.439047719724,-0.4836336441,-0.757189274951,-0.363878978384,0.912904969135,0.184923244669,-0.115153513473,0.987986528901,-0.103064480036
0,0.31507025883,-0.518558643515,-0.794875880397,0.429100576975,-0.504845856122,-0.749001573026,-0.343431161626,0.922965707244,0.173750799927,-0.0706706950642,0.992740402018,-0.0973249559966
0,0.287430566011,-0.53701245137,-0.793096019909,0.413536306639,-0.526589567135,-0.742759147285,-0.331218290028,0.930403903686,0.156980955396,-0.0426713231486,0.992322529221,-0.116082540379
0,0.287360472185,-0.541648272712,-0.789962725509,0.404022079403,-0.558462842908,-0.72448976007,-0.345434008387,0.927330980164,0.14398819076,-0.0412682732443,0.993036831675,-0.110339388072
0,0.271563560352,-0.541998776234,-0.795292750659,0.383575209098,-0.590748884224,-0.709849149294,-0.387667843781,0.914098501952,0.118901520712,-0.0800696097051,0.991448370728,-0.103048463268
0,0.213776131082,-0.531573030199,-0.819591287987,0.363129639991,-0.577491911223,-0.731190780189,-0.406378244453,0.910747071832,0.0734608302764,-0.107040061462,0.987788669966,-0.113207635473
0,0.198530113014,-0.535130754552,-0.821109535787,0.346770899726,-0.576860473119,-0.739582272405,-0.406014083012,0.911770666166,0.0618612699135,-0.101920006827,0.98577885708,-0.133612713251
0,0.179641341884,-0.541859564694,-0.821046405775,0.315187837025,-0.579977529795,-0.751187521412,-0.421289388507,0.906330638354,0.0328637355047,-0.101620063898,0.980516153283,-0.168111379047
0,0.153118674697,-0.551749666311,-0.819833505771,0.266055147789,-0.583269027508,-0.767471106873,-0.392594407271,0.919613825368,0.0134180315784,-0.0771838141338,0.981510018711,-0.175159190469
0,0.144806516702,-0.560897768646,-0.815122546522,0.240467581283,-0.586808180684,-0.773195642405,-0.282096409043,0.95833979405,0.0447934721249,0.0267750993236,0.988353443235,-0.149801753334
0,0.138431997007,-0.569269150596,-0.810412991248,0.218644116282,-0.594678693557,-0.773661425848,-0.193572305239,0.975615638388,0.103459599734,0.105863772932,0.989374206821,-0.0996571144419
0,0.121567388964,-0.568729389195,-0.813491396271,0.187307227886,-0.600606478023,-0.777295221225,-0.174279558364,0.979541921602,0.100619378652,0.131446750446,0.986288992241,-0.0997786328871
0,0.093713103137,-0.560545319759,-0.822804228718,0.160719762283,-0.601467351547,-0.782563852369,-0.188873708933,0.977693711869,0.0918788759536,0.142776539021,0.983775682514,-0.108629031107
0,0.0533311438518,-0.540503067145,-0.839650060145,0.145537147216,-0.595372031099,-0.790158897543,-0.193424603395,0.979112893016,0.0626487472391,0.14541876639,0.980076644243,-0.135289148826
0,0.0398695502913,-0.511614658261,-0.858289496855,0.162620740572,-0.593243368756,-0.788426788081,-0.205022259096,0.977187699775,0.0554082366068,0.175423066885,0.974507735008,-0.139862153615
0,0.0594931514072,-0.454111341842,-0.888956384839,0.190403568774,-0.572482480226,-0.797502533433,-0.21174428089,0.976582723524,0.0380860030122,0.198713234998,0.966183582554,-0.1643238724
0,0.115343791317,-0.336454685858,-0.934609038138,0.233630146175,-0.517849862781,-0.822951076563,-0.215145095016,0.97657810459,-0.00279172464434,0.227504084865,0.946950760231,-0.226993720328
0,0.208371737352,-0.273496618605,-0.939031851794,0.283838581316,-0.487256647418,-0.825842974968,-0.209921862303,0.974325310976,-0.0813818168804,0.251772029507,0.920032670817,-0.300251111218
0,0.235299173448,-0.219845976414,-0.94673229882,0.309668679494,-0.438602537675,-0.843642769711,-0.237514184894,0.958557442779,-0.157336076176,0.208782712121,0.912207483485,-0.35254402022
0,0.234785627529,-0.207282731826,-0.94968920084,0.328012490428,-0.422187567768,-0.845083110555,-0.297276053481,0.94476215499,-0.138026876101,0.116735395379,0.931787501383,-0.343722125753
0,0.230427218413,-0.229607361485,-0.945612899958,0.343507921903,-0.43667394533,-0.831455454646,-0.382786919908,0.921910661813,-0.0596230289591,-0.00194579572519,0.951172829004,-0.308652657924
0,0.214445251262,-0.230337767823,-0.949187940782,0.356123509535,-0.446084573337,-0.821087449294,-0.434277747568,0.900733677568,0.00903770224271,-0.0878147809825,0.945519908692,-0.313497474483
0,0.190618778425,-0.221863471917,-0.956264127289,0.364773651205,-0.434972831983,-0.823248940979,-0.508916180491,0.859935459537,0.0389271969958,-0.195575568963,0.931591560266,-0.306410446404
0,0.162591400045,-0.19307754277,-0.967618261046,0.373639248555,-0.399302774685,-0.837228168463,-0.574356342574,0.818253323215,0.0240060574274,-0.264154897786,0.913167330541,-0.310399124369
0,0.140435303393,-0.143050856766,-0.979701167673,0.383624516888,-0.364522631333,-0.848501904116,-0.613250613296,0.789615600062,0.020757876387,-0.312365620923,0.90314108505,-0.294557124105
0,0.137143606806,-0.0915009272646,-0.986315979502,0.404473026834,-0.341591339425,-0.848361318893,-0.640616128751,0.767567936391,0.0212235390475,-0.345572354555,0.895495092822,-0.280478673877
0,0.151338309914,-0.0758783893059,-0.985565414363,0.417055740934,-0.339681262732,-0.843019067817,-0.662724890797,0.748778388752,0.011253606356,-0.36063289655,0.890519051816,-0.277344068405
0,0.155040445421,-0.0665507097509,-0.985663970791,0.407770929553,-0.352831415762,-0.842159641079,-0.679698407538,0.733481102519,0.00394297316023,-0.37445619022,0.887003139526,-0.270199911319
0,0.16243613347,-0.0680820756123,-0.984367478904,0.394401019205,-0.36020561206,-0.845399167903,-0.68532691347,0.728222574242,0.00434787734191,-0.380192601965,0.890694711271,-0.249231853353
0,0.170841432729,-0.0662974350699,-0.983065539507,0.377139777615,-0.367093794699,-0.850298614625,-0.695096411074,0.718881311234,0.00711615565934,-0.375121722281,0.898797578842,-0.226818442242
0,0.197402520336,-0.0594795584801,-0.97851644191,0.362209249565,-0.387407898576,-0.847773306758,-0.694992266137,0.718883974393,-0.0138412922381,-0.339665205698,0.916332457987,-0.212043331603
0,0.23163497663,-0.0684094477043,-0.970394448184,0.344473206095,-0.422842303801,-0.838178141208,-0.670181849423,0.741874299301,-0.021881790142,-0.275717068654,0.943108888198,-0.185810987443
0,0.247928503807,-0.0820120962213,-0.965300716395,0.306863614038,-0.444339712329,-0.841663200115,-0.638339356945,0.768427538426,-0.0451883122534,-0.216756644662,0.959613935334,-0.17932554784
0,0.244491371482,-0.108205465354,-0.96359511546,0.270432168404,-0.453343108748,-0.849321180734,-0.612817911676,0.788583698403,-0.0508916274337,-0.16526573723,0.969986268283,-0.178364445563
0,0.217561065681,-0.117504429531,-0.968947827151,0.248678842649,-0.452024031311,-0.856640594611,-0.582998756273,0.812459156948,-0.00475062894789,-0.125451773236,0.977756510821,-0.168089434944
0,0.16610154648,-0.0931866055177,-0.981695743502,0.21904371761,-0.43576039091,-0.873002137162,-0.574350434935,0.817998173144,0.0316317344347,-0.117378833784,0.979701242741,-0.16250441333
0,0.133504124559,-0.0732055587442,-0.988340829317,0.196198529522,-0.41860821676,-0.886720529747,-0.567548118043,0.821916216483,0.048403169199,-0.104694245913,0.980929874786,-0.163754986566
0,0.123931120585,-0.0687880540062,-0.989903672575,0.18203066646,-0.414904529494,-0.891470172173,-0.565864344119,0.823709309294,0.0360626931459,-0.0971138641091,0.980243158571,-0.172314385562
0,0.120898219645,-0.0742235788252,-0.989886094878,0.1634480093,-0.424975019932,-0.890326333818,-0.575299937607,0.817855995429,0.0118975850725,-0.105223513889,0.974953610707,-0.195942514769
0,0.117708095169,-0.0917450092348,-0.988801121365,0.160901562128,-0.436286600961,-0.885304856604,-0.580857942556,0.81387822126,-0.0143628523991,-0.117525508121,0.964368462111,-0.237025788104
0,0.119600617812,-0.10948134199,-0.98676721063,0.165116741755,-0.448880652174,-0.878204202732,-0.561017571024,0.827377705826,-0.0265596857043,-0.106496569882,0.953599189245,-0.281615104131
0,0.129293722086,-0.13132976126,-0.982871114255,0.174117288211,-0.465506303363,-0.867748265037,-0.540220633253,0.841387790523,-0.0151080563794,-0.101790956105,0.948141255011,-0.301109219058
0,0.134870846302,-0.164983976103,-0.977031290414,0.173741443929,-0.485486032505,-0.856806409234,-0.539860750967,0.841450339953,-0.0226206754421,-0.113663228972,0.944658423618,-0.307735492049
0,0.134808611671,-0.195009344686,-0.971492662713,0.178143326746,-0.512852221819,-0.839790184338,-0.550320972692,0.834673402098,-0.0216133950482,-0.122215968611,0.948210206878,-0.293190485161
0,0.117931290058,-0.229275234304,-0.966191015152,0.179822364842,-0.548827666838,-0.816365181285,-0.563072459855,0.826404263217,-0.00232350808534,-0.133335759889,0.953608162076,-0.269913038509
0,0.123418224718,-0.266906243526,-0.95578710965,0.193999794646,-0.585902149341,-0.786818118167,-0.547952682659,0.836496368123,0.00465657431805,-0.11774340565,0.953943222581,-0.275914513061
0,0.153123782023,-0.310316622406,-0.938219964208,0.215667505251,-0.617298622105,-0.756590998047,-0.541987677225,0.840030696659,-0.0244496708822,-0.117481030982,0.949493376974,-0.290964833687
0,0.181740477725,-0.334108145781,-0.924847093134,0.245169141731,-0.624527871187,-0.741523452127,-0.51559293929,0.856039871006,-0.0368735705188,-0.101602825443,0.945450655329,-0.30951562836
0,0.197347719575,-0.334572526499,-0.921474417491,0.264477592574,-0.612923650665,-0.744564437427,-0.495780054465,0.867111619831,-0.0481619803222,-0.0806819630136,0.938114988206,-0.336794729394
0,0.199779736225,-0.312829621394,-0.928561083059,0.282299201662,-0.585884615918,-0.7596356874,-0.47265035489,0.878932639797,-0.0638674934733,-0.0522943191986,0.935368537893,-0.349787081664
0,0.173327842688,-0.244357297492,-0.954068640147,0.303464570845,-0.519704085968,-0.798634407768,-0.484423876141,0.872377118932,-0.0655108432889,-0.0777261609137,0.946150008544,-0.314259137085
0,0.13430091989,-0.142667566037,-0.980616759248,0.338038280352,-0.471306328537,-0.814616760015,-0.498060050607,0.865274142992,-0.0568932637363,-0.112586842673,0.950448764633,-0.28977810246
0,0.144424357381,-0.0970763184905,-0.984742501055,0.382409247706,-0.436290408775,-0.814502207781,-0.529910936537,0.844789335491,-0.0743328862595,-0.149602595678,0.942515188552,-0.298804589514
0,0.172368655231,-0.0933601486225,-0.980598250734,0.422946506814,-0.423127183491,-0.801298720182,-0.558890747107,0.823614965838,-0.0964340232768,-0.182387850716,0.935042659909,-0.304022854507
0,0.176779405474,-0.114380850879,-0.977581742236,0.438185515962,-0.418538993685,-0.795498940519,-0.573360030898,0.813223823797,-0.099625736526,-0.200284164135,0.930872942539,-0.305551662481
0,0.17989755331,-0.142972527146,-0.973239809499,0.42974500569,-0.427439491442,-0.795370801099,-0.578893828585,0.806477848111,-0.120313821866,-0.200612328855,0.92652955419,-0.318272962603
0,0.181630311133,-0.145561157591,-0.972533999138,0.39343535005,-0.453175626385,-0.7999002919,-0.562642155976,0.818564044604,-0.115700947276,-0.190329481448,0.931506597089,-0.309951847988
0,0.18230706722,-0.168652699554,-0.968669396737,0.376316528316,-0.47575387799,-0.795012023867,-0.534873828725,0.837905592992,-0.108739158435,-0.153680967968,0.936071080669,-0.31646973318
0,0.153870104652,-0.192270352762,-0.969203849736,0.364456077233,-0.478455761796,-0.798906660238,-0.516253203724,0.849022646039,-0.112441879026,-0.139499188766,0.936834073959,-0.320752075914
0,0.194819770495,-0.219376527413,-0.955991211385,0.358487993813,-0.500406500497,-0.788086094632,-0.516944324589,0.849451481146,-0.105833579049,-0.142131336338,0.939480766363,-0.311728363909
0,0.223756738505,-0.220480821021,-0.949379339114,0.36456294572,-0.478102698116,-0.799069251481,-0.53513438491,0.83984579751,-0.0910506808934,-0.157011412897,0.933591928894,-0.322107942349
0,0.233749337488,-0.216446686025,-0.947898770615,0.386626429654,-0.445533614421,-0.807477431458,-0.572166963737,0.81576101488,-0.0846104733993,-0.187729439246,0.92729217769,-0.32386243196
0,0.217615867283,-0.191613159439,-0.957041133618,0.398377454611,-0.428575999597,-0.810936505669,-0.582198484902,0.80594015923,-0.107263152655,-0.205559208972,0.920105517708,-0.333393533065
0,0.208031565284,-0.189805595946,-0.959529417784,0.380678225566,-0.438782857441,-0.813974012236,-0.59731709638,0.794672178127,-0.108205432778,-0.229576336588,0.91976813513,-0.31831004269
0,0.229316911497,-0.215784298736,-0.949131650784,0.365745106861,-0.424280196339,-0.828382056663,-0.605626757915,0.791041183517,-0.0864296018519,-0.251723670239,0.919583007488,-0.301665851865
0,0.212081318135,-0.209454413635,-0.954541965084,0.37195592649,-0.410501805249,-0.8325485311,-0.59497981726,0.798863732415,-0.0884067536131,-0.250839237335,0.919991829278,-0.301155626006
0,0.155163121435,-0.185980263758,-0.970224585979,0.367008633616,-0.403317513198,-0.83823603263,-0.578404677208,0.808339792217,-0.109703280276,-0.227001366886,0.92018995918,-0.318937013306
0,0.109369905887,-0.159777432938,-0.981075631952,0.353212484092,-0.399246464947,-0.846075174739,-0.561735116997,0.816407732396,-0.133910689699,-0.208055868112,0.917125051155,-0.339991759146
0,0.104714071611,-0.168151288497,-0.980183711038,0.345730643802,-0.419492875711,-0.839342629183,-0.551274494896,0.822803502596,-0.138169560297,-0.194813654028,0.917422039196,-0.34696461232
0,0.109911378371,-0.184664115335,-0.976636397751,0.349284452342,-0.434727947773,-0.830067456764,-0.530579054333,0.836232013046,-0.138570875223,-0.158430543421,0.923823682678,-0.348496149526
0,0.10676766652,-0.226647444805,-0.96810722606,0.346311452022,-0.435142543681,-0.831095268231,-0.520695281571,0.842953035165,-0.135301900417,-0.137948562161,0.931560159726,-0.336401342162
0,0.0703897909605,-0.336940999452,-0.938890856392,0.362068334215,-0.467092474261,-0.806679082317,-0.505369417592,0.85499917519,-0.116525371431,-0.11496243748,0.941758232354,-0.316030172233
0,-0.00755860707936,-0.520143178626,-0.854045631795,0.364145758752,-0.557687317945,-0.74591066609,-0.480026130651,0.874313234341,-0.0717724330699,-0.0845861648085,0.956621875616,-0.278782653363
0,-0.116760521196,-0.696923200426,-0.70757687455,0.32846654898,-0.675297693584,-0.660365619367,-0.428413661833,0.901898748805,-0.0551396523244,-0.0268422297371,0.965162840169,-0.260269450107
0,-0.0989402659648,-0.858016429782,-0.504002609115,0.314233806282,-0.717865639076,-0.621229457788,-0.349394815645,0.933957413341,-0.0751452784018,0.0310539166125,0.960574789622,-0.276281971553
0,-0.0572956975565,-0.912993378425,-0.403931051039,0.271376749465,-0.753470892515,-0.598862483365,-0.25522998888,0.959582941614,-0.11856741095,0.0874150480876,0.943406733534,-0.319909900581
0,-0.0283865076378,-0.929198978831,-0.368488078402,0.26787685652,-0.784841110905,-0.558808035353,-0.186436015951,0.967701063096,-0.169694621125,0.140085727929,0.922349830067,-0.360064966092
0,-0.0142897171824,-0.936872960924,-0.349377817086,0.274163025277,-0.79473968877,-0.541501119726,-0.161034914647,0.967281377155,-0.196047172064,0.167069978912,0.904918061381,-0.391421670749
0,-0.0331668596644,-0.942735634989,-0.331887755035,0.255610068843,-0.805739727832,-0.534272387176,-0.162160472106,0.967248981707,-0.195277721906,0.177156356589,0.895009681401,-0.409357173528
0,-0.0772524702883,-0.956087742779,-0.282715906771,0.212730426948,-0.832627581313,-0.511348292544,-0.137525924264,0.956527250104,-0.257181336735,0.21128827953,0.85847463131,-0.46730992963
0,-0.157712616136,-0.966486881344,-0.202558235828,0.130454448106,-0.875899079453,-0.464523884835,-0.0939377528185,0.919774850474,-0.381037954842,0.246066892176,0.785171216923,-0.568293273487
0,-0.225703865162,-0.971046499251,-0.0782717161137,0.0324838134296,-0.918696278708,-0.393626662401,-0.0057289604082,0.855805585334,-0.517265868895,0.299179554606,0.678157921926,-0.67126256192
0,-0.28969229414,-0.956662067704,0.029598360307,-0.0636069038215,-0.949473642792,-0.307333635371,0.0944411245092,0.788858873871,-0.607274691648,0.35358926156,0.580759426014,-0.733275612035
0,-0.36091465522,-0.924304955279,0.12410060956,-0.163718688591,-0.96266691116,-0.215565788479,0.15877713819,0.737700519525,-0.656191865143,0.377884520122,0.512579841031,-0.771015691164
0,-0.419591016832,-0.889597076595,0.180445060635,-0.242559279994,-0.961327660487,-0.130438203266,0.222318633593,0.684487629459,-0.694299006391,0.415484001037,0.441371090875,-0.795339301821
0,-0.460100212561,-0.858622968073,0.225996444881,-0.288976222976,-0.953339075284,-0.0873919337882,0.256375905916,0.632329800513,-0.731047480161,0.443124525363,0.363536156521,-0.819440124673
0,-0.514510014889,-0.81881463594,0.254601721419,-0.338281832211,-0.93914823981,-0.0597158744265,0.270912571358,0.603455845894,-0.749964946338,0.457109300098,0.299862613267,-0.8373371489
0,-0.602110901507,-0.762679504328,0.236183056048,-0.385342772446,-0.920349611492,-0.0668396614966,0.26510679267,0.592259811242,-0.76088547395,0.466475599658,0.255595205716,-0.846800806411
0,-0.713639940131,-0.67871039674,0.173407708035,-0.400161245073,-0.904588668549,-0.146936444334,0.237282601165,0.603618724321,-0.761144797547,0.480338514058,0.251330366092,-0.840302302147
0,-0.72669681196,-0.683431896199,0.0695168090808,-0.343550385496,-0.897158480434,-0.277632479387,0.195465233758,0.6644378933,-0.72132907077,0.500845725278,0.291766531545,-0.814877813259
0,-0.705402966922,-0.706401680864,0.0583379767349,-0.308889566019,-0.894638226578,-0.322815240579,0.131636605991,0.783941700974,-0.606718397148,0.519217530586,0.408778447813,-0.750542028493
0,-0.584646933129,-0.806655067177,0.0865769379278,-0.231410965439,-0.886502013999,-0.400703312004,0.0606015857976,0.884149700061,-0.463256684443,0.499145089486,0.562325345425,-0.659275652163
0,-0.170132912345,-0.928084848753,-0.331229989058,-0.104520816102,-0.859114094329,-0.500997377166,0.0254014848034,0.918233014598,-0.395225119992,0.471942331134,0.644750610392,-0.601304487329
0,0.126282803696,-0.956756179178,-0.262050123249,-0.0519664318672,-0.844273820886,-0.533386544005,-0.00783870620076,0.927390433356,-0.374012752196,0.438061012161,0.693234667106,-0.572300835179
0,0.230770519415,-0.938735930464,-0.255968396926,0.00502273600573,-0.825277688083,-0.564704798701,-0.063582198608,0.939697679104,-0.336044008884,0.382171403839,0.762629407809,-0.521863396333
0,0.297803743626,-0.921666908865,-0.248682607727,0.0561468312302,-0.819962967388,-0.569656269566,-0.098608546079,0.954243322278,-0.282304864514,0.346080366625,0.803986962151,-0.483563175322
0,0.35566327561,-0.906677234072,-0.22680394088,0.0962614459328,-0.823956119991,-0.558417448112,-0.121465299509,0.963971084042,-0.236655720714,0.326340805464,0.827963688907,-0.456045840394
0,0.330725877234,-0.887694594492,-0.320341538109,0.073870283351,-0.823025936926,-0.563179801116,-0.157215021965,0.965855455855,-0.205928811155,0.305923663549,0.842428276906,-0.44353727053
0,0.437547459059,-0.743322949473,-0.505987365315,-0.0329385207454,-0.662521711903,-0.748318137632,-0.215708682993,0.959664470028,-0.180316025485,0.262308973034,0.86456447346,-0.428628363384
0,0.518276200223,-0.252299521497,-0.81715037278,-0.0040905040962,-0.470420700743,-0.882432791825,-0.288736824007,0.947906471526,-0.134552471926,0.197991655441,0.897053266687,-0.395088270014
0,0.444002215804,-0.0812816316677,-0.892331400722,0.0604163703605,-0.361712244914,-0.930330110268,-0.349313712345,0.933458148884,-0.0814605097567,0.14740384177,0.925441328476,-0.349042196561
0,0.368359186083,-0.0563887547482,-0.92797188447,0.105424171765,-0.311662862949,-0.944326216869,-0.386626998452,0.920710596809,-0.0530241548011,0.0993929324655,0.937796815046,-0.332653240875
0,0.303612290849,-0.0629564774493,-0.950713447256,0.130285881386,-0.280866520958,-0.950862548698,-0.345860671521,0.936018277807,-0.0651934007822,0.124468700562,0.904414913445,-0.408094605353
0,0.253999082924,-0.0768881805412,-0.964143492208,0.146086843652,-0.260881761283,-0.954253289615,-0.35889990652,0.932360678904,-0.0435249529965,0.0934391585126,0.903035235412,-0.419280916882
0,0.21491925668,-0.0917634823034,-0.97231125491,0.15310614822,-0.248796530848,-0.956377955421,-0.449449344764,0.892844910667,0.0286923680824,-0.0494997329883,0.943577319051,-0.327431854601
0,0.183143830633,-0.0938037648014,-0.978600628965,0.153438310827,-0.224321321118,-0.962359927295,-0.507492412733,0.860056725456,0.0524774238743,-0.144257578777,0.951151310328,-0.272948595577
0,0.162461983441,-0.0952919120851,-0.982102619601,0.156934523754,-0.205641173781,-0.965962350664,-0.529958982877,0.84646865154,0.0513254169734,-0.159719264317,0.953746108497,-0.254672568473
0,0.151690317324,-0.0926412512416,-0.984077052978,0.165804462826,-0.185687491019,-0.968518990927,-0.538162037544,0.840582760912,0.0616623337538,-0.170937227172,0.958127964482,-0.229719977461
0,0.142810952607,-0.0893329643435,-0.985710227855,0.170498342374,-0.169007117734,-0.970755844383,-0.549447930464,0.831796126261,0.0788807710779,-0.187190824443,0.961527416004,-0.201058756378
0,0.13358703701,-0.0911560544682,-0.986835891765,0.16951952115,-0.163161205922,-0.971926721945,-0.5591843971,0.82393040545,0.0919320238856,-0.195511390982,0.963415748599,-0.183317733314
0,0.127085924914,-0.0877060481327,-0.988006486218,0.16922148599,-0.15166988077,-0.973837941316,-0.560136155654,0.820901717589,0.111210868119,-0.194409087084,0.968181888681,-0.157572006683
0,-0.0210060187516,-0.358016615568,-0.933478896469,0.189173357076,-0.320046681949,-0.928322983851,-0.539249492358,0.833435540059,0.120810535795,-0.151685695966,0.976756160719,-0.151455776175
0,-0.118201310149,-0.482152601609,-0.868076793286,0.23230405164,-0.369536072565,-0.899709908062,-0.528319333796,0.846145261166,0.0701204573782,-0.0929737262547,0.976428508388,-0.194790282696
0,-0.186202648851,-0.507865982865,-0.841071172381,0.239416975962,-0.400383003623,-0.884518491627,-0.504514139806,0.862910606104,0.0291679380305,-0.0388873580166,0.971335002703,-0.234512442976
0,-0.148556296151,-0.558958718184,-0.815779491186,0.289826610571,-0.395736567236,-0.871431641127,-0.505434985977,0.862801243273,0.0104637257418,-0.0341252786348,0.967629080817,-0.250058847705
0,-0.13524897071,-0.597529761684,-0.790358083291,0.30773133391,-0.416896707804,-0.85527689151,-0.511140041138,0.859488328636,-0.00395869734403,-0.0341857769473,0.964159979763,-0.263109988555
0,-0.106354844694,-0.609312403241,-0.78576525901,0.32841577534,-0.401369415572,-0.855012088073,-0.522444442353,0.852447328028,-0.0196305270664,-0.0422119860002,0.958932073856,-0.280477139833
0,-0.0906005661896,-0.60408379586,-0.791753942197,0.345711353893,-0.388589498528,-0.854097103041,-0.541668215975,0.840203054337,-0.0255806818866,-0.0684340941163,0.9560484208,-0.285110841338
0,-0.0808221893038,-0.600198734909,-0.795757030965,0.359473080976,-0.385219544122,-0.849932354297,-0.561208738589,0.826072394496,-0.0514699017163,-0.0859547455789,0.946215815752,-0.311909300493
0,-0.0807378555751,-0.612350504469,-0.786452960039,0.359637987587,-0.400868284346,-0.842594289376,-0.601903782392,0.792026481737,-0.102009259234,-0.136251163337,0.944996361134,-0.297350799449
0,-0.0852558497164,-0.628013234419,-0.773518466156,0.34567004574,-0.410877047667,-0.843618557868,-0.617756842733,0.774472894409,-0.136265252658,-0.176611423012,0.935668828908,-0.305503269822
0,-0.07157561529,-0.649242573857,-0.757206056227,0.341956682021,-0.404481785821,-0.84820994604,-0.619125016411,0.772492700541,-0.141206379689,-0.20737595588,0.928224123792,-0.30886111593
0,-0.0512335502314,-0.69607596913,-0.716137813923,0.321792219879,-0.395150440828,-0.860410306969,-0.625349177701,0.773808482204,-0.100791065169,-0.216753321751,0.917873824439,-0.332453966617
0,-0.0524710154435,-0.717937840357,-0.694126825531,0.322456015505,-0.413223837601,-0.85162678334,-0.586515353956,0.8035262641,-0.101711761738,-0.158140088234,0.900198326154,-0.405752000712
0,-0.0561138464264,-0.740886400532,-0.669282136132,0.336451635663,-0.448450526199,-0.828065469882,-0.620819956138,0.775571321055,-0.114331570518,-0.182481871893,0.905022358672,-0.384232867847
0,-0.0436672130267,-0.806993429463,-0.58894378281,0.350970300599,-0.52318852604,-0.776591021271,-0.62326367257,0.768894466666,-0.142631320491,-0.172673737388,0.908515930828,-0.380503066805
