1,0.223011382467,-0.0800651759142,-0.971522254452,0.37863408575,-0.148977293544,-0.91347796641,-0.956135235751,0.2806947979,0.0837606195452,-0.809470090457,0.502951013286,-0.302982591728
1,0.216800162778,-0.0902694591825,-0.97203349436,0.362195603287,-0.158230891946,-0.918573529879,-0.953790528671,0.288631588752,0.0835190600579,-0.810178185482,0.508856059508,-0.290992815153
1,0.212748335105,-0.0986009482496,-0.97211933368,0.350244989441,-0.166488475818,-0.921742933139,-0.951406838119,0.294354645132,0.0904454049099,-0.809091153553,0.513417143469,-0.285962133916
1,0.209866508472,-0.110514595052,-0.971464138763,0.340457872066,-0.181241810286,-0.922626600285,-0.948263323312,0.310258141854,0.0673539536619,-0.790230615973,0.525552737357,-0.315166454171
1,0.209392631315,-0.127156618565,-0.969528710408,0.336169920422,-0.20466320978,-0.919294705286,-0.946722089852,0.318995791658,0.044260247308,-0.777296459997,0.526418406576,-0.344519773736
1,0.206851544195,-0.131346477753,-0.969515622074,0.32945776857,-0.209313100785,-0.920676710126,-0.948074831151,0.316400772863,0.0323212850875,-0.774592499012,0.523234379013,-0.355291774593
1,0.21228155867,-0.130143108235,-0.968503645439,0.33652447979,-0.206476173139,-0.918759415967,-0.951071619243,0.308470858102,0.0175643039442,-0.772737472676,0.512800656181,-0.374048506671
1,0.215952459357,-0.13133572334,-0.967530600587,0.341399448876,-0.207748782469,-0.916671620423,-0.951463072082,0.307193271471,0.0187167418834,-0.771995451768,0.512821153393,-0.375549580057
1,0.217238793368,-0.129956981996,-0.967428803317,0.342023391393,-0.204710857091,-0.917122382634,-0.952584407562,0.303737581618,0.0180673180773,-0.768893083584,0.515402903563,-0.378369228421
1,0.218209943534,-0.129560100926,-0.967263459865,0.342916818676,-0.203683467217,-0.917017502914,-0.954252500297,0.298089539206,0.0233407860305,-0.764535662321,0.523162378323,-0.376545278748
1,0.212766979546,-0.13374130507,-0.967906749503,0.333562633538,-0.209673650637,-0.919115297303,-0.95457035326,0.297066006799,0.023392910922,-0.747405263009,0.550218899323,-0.372350017664
1,0.206602141753,-0.140899072502,-0.968226732946,0.32330054399,-0.220426644314,-0.920265642482,-0.956747571445,0.290185935985,0.0206447836136,-0.73870833635,0.56070490779,-0.374058819153
1,0.202981595815,-0.146936930968,-0.968095041862,0.317312787643,-0.229622220132,-0.920101206835,-0.96038815359,0.278549854024,0.00803574935996,-0.739656843388,0.550101987774,-0.387679709395
1,0.198123193815,-0.156649912261,-0.96757842321,0.30959213975,-0.244688115324,-0.918847339455,-0.965039425072,0.262052887606,0.00521460967673,-0.747320902157,0.533212917089,-0.396478819419
1,0.190343142767,-0.166501164042,-0.9674951423,0.29698120873,-0.259675432821,-0.918896529132,-0.964932837491,0.262463872422,0.00416350861702,-0.738650887388,0.540432106437,-0.402899497261
1,0.18507058427,-0.173766136019,-0.967240512391,0.288169564977,-0.270469308509,-0.918588403462,-0.960972044686,0.276531159897,0.00795279436251,-0.717852528604,0.564073065345,-0.408055540495
1,0.183894196187,-0.176778344705,-0.966918994256,0.286175298151,-0.275023277442,-0.917859409492,-0.958200056069,0.286085112759,0.00282149022006,-0.692773765756,0.588444662961,-0.41689013914
1,0.20080232125,-0.166172458997,-0.965435208417,0.313142024199,-0.259100347225,-0.913678872881,-0.959628042082,0.280349062083,-0.0227689314453,-0.687061136866,0.57427904392,-0.445141071935
1,0.223701218564,-0.144788654234,-0.963843353672,0.349753700955,-0.22636635393,-0.909082296867,-0.962451105676,0.269264624535,-0.0344155656199,-0.711236806169,0.533936622622,-0.457224111977
1,0.286113676768,-0.0988644698068,-0.953081728172,0.450764089675,-0.155776644524,-0.878945602685,-0.962044555872,0.272529213895,-0.0140748033977,-0.621579486478,0.576172718792,-0.530720208875
1,0.283811894816,-0.0784435428002,-0.955665955737,0.445061827336,-0.123026724998,-0.887008677965,-0.977319811049,0.211743071582,0.00329523406063,-0.707782417522,0.531558626342,-0.465284296113
1,0.272612440692,-0.0502360870475,-0.960811528208,0.42593538473,-0.0785024618366,-0.901341451128,-0.957337033341,0.288715975558,0.0122020511334,-0.769762148937,0.524878840377,-0.363274602729
1,0.268116190995,-0.0504823076636,-0.962063014952,0.418486755227,-0.0788012210572,-0.904797879783,-0.95787026882,0.286732553209,0.0164009463574,-0.792373952561,0.466561813594,-0.393018566226
1,0.279126906016,-0.0475404515511,-0.959076678793,0.436424575583,-0.0743336295646,-0.896664988356,-0.963028622709,0.252881740275,0.0928800154935,-0.796202079589,0.450866253745,-0.403462352261
1,0.277090492313,-0.0302617869955,-0.960367160683,0.432890613786,-0.0472778156373,-0.90020582349,-0.960280210427,0.253546987406,0.116515418033,-0.796141168622,0.474135423667,-0.375971860182
1,0.284226396302,-0.0113794797405,-0.958689659424,0.444507328362,-0.0177957391084,-0.895598429377,-0.959681639011,0.27236336773,0.0694935080666,-0.78531758598,0.475241154195,-0.396764583235
1,0.298658237723,-0.010777563799,-0.954299272324,0.46848218562,-0.016902582088,-0.883311238735,-0.95892233931,0.279250879705,0.0498687613203,-0.764611776952,0.482580966707,-0.427181976584
1,0.312590688543,-0.0136367087982,-0.949790030275,0.491972826757,-0.0214566039067,-0.870346110396,-0.963528173473,0.261250644188,0.0579789602846,-0.761102398341,0.474223293828,-0.442532944345
1,0.310428636424,-0.022935750144,-0.950319952991,0.488335276406,-0.0360729104255,-0.87191020349,-0.962649756047,0.26474119972,0.0567234021713,-0.760633585473,0.481599729274,-0.435313966482
1,0.316799217208,-0.0168204859002,-0.948343464801,0.499146148235,-0.0264937365309,-0.866112697417,-0.967004485915,0.25283068377,0.0312884893416,-0.753916048671,0.457345588891,-0.471641393305
1,0.317369925938,-0.0114947773063,-0.94823214468,0.500046368091,-0.0181017971354,-0.865809421697,-0.968223789071,0.249194714364,0.0210876411919,-0.757913656708,0.444948517535,-0.477061532424
1,0.315072924044,-0.0137708485069,-0.948967552799,0.496146051966,-0.0216750570324,-0.867968482735,-0.967597206748,0.250169051508,0.0342212092397,-0.759371570239,0.454806730312,-0.465301683186
1,0.320226860052,-0.0188808913018,-0.947152717382,0.504998279139,-0.0297647391597,-0.862606977928,-0.970221532034,0.227123819349,0.0841721418375,-0.745740059171,0.494556738072,-0.446413930087
1,0.317937430178,-0.0366877772878,-0.947401603065,0.501434669991,-0.0578510502581,-0.863259247107,-0.965823158357,0.194245338475,0.171622770233,-0.718238152047,0.583880211365,-0.378441350436
1,0.30236861781,-0.0717683790325,-0.950485412163,0.475746688617,-0.112909010617,-0.872305361437,-0.964827689869,0.119604129864,0.234099083684,-0.722212608551,0.626757741102,-0.292546888582
1,0.263228132744,-0.0794950523987,-0.961452800077,0.450537043102,-0.189592171623,-0.872393936964,-0.955317280217,0.130294280199,0.265315462547,-0.788993567777,0.597353489612,-0.143728766971
1,0.254913431672,-0.110732824725,-0.960602614967,0.50200781775,-0.341047110199,-0.794779856025,-0.928704216464,0.237343514049,0.284914960403,-0.689370703341,0.710120882177,-0.143165519842
1,0.126925882249,-0.0652338183825,-0.98976480507,0.332376895239,-0.414346847419,-0.847255740343,-0.887238121206,0.307374624206,0.343990343866,-0.576309232421,0.813570765926,-0.0772675705381
1,0.063677410356,-0.0361975231023,-0.99731385568,0.145682257397,-0.397369899704,-0.906020884245,-0.793300449746,0.373530691454,0.480779803003,-0.387470433336,0.920006017101,0.0587842818082
1,0.0241332694249,0.0808660126263,-0.996432774104,-0.0341519669231,-0.329732638288,-0.9434564274,-0.666724295907,0.402567479181,0.627230530151,-0.095472537677,0.921277114852,0.377005931252
1,0.0392298482205,0.209862406426,-0.976943595802,-0.167558436039,-0.233629415711,-0.957779445711,-0.519507461269,0.407654638915,0.750952523837,0.204672615092,0.771825185255,0.601992528224
1,0.0317327347784,0.286754030901,-0.957478542478,-0.227363846672,-0.144017976597,-0.963101502254,-0.477401298233,0.437208114299,0.762192275765,0.37894700831,0.605407212003,0.699915189539
1,0.00572203693727,0.30149838229,-0.953449518207,-0.294607430126,-0.125980341775,-0.947277897768,-0.45469805474,0.446701719034,0.770524012103,0.397378932735,0.593355975603,0.700013335612
1,0.0254080982973,0.275623776675,-0.960929738468,-0.356014908524,-0.142563975079,-0.92354149767,-0.389776241859,0.433341713598,0.812581959275,0.412427120381,0.59874213588,0.686594294396
1,0.0516859401352,0.305424977081,-0.950812361598,-0.399477015373,-0.167295965278,-0.901349085644,-0.277437587355,0.402785165424,0.8722341977,0.432072123856,0.576438669627,0.693564805873
1,-0.051268705784,0.22407531562,-0.973222365514,-0.516415007625,-0.28970153235,-0.805846487895,-0.149587424019,0.355037679364,0.9228065067,0.418348824502,0.574293681635,0.703683897977
1,-0.249410185615,0.040414358201,-0.967554256341,-0.476096768097,-0.528638545503,-0.702761094267,-0.173362751331,0.229800854089,0.957672660104,0.479339028042,0.5877274088,0.651774952834
1,-0.281564895208,0.00776149143064,-0.959510796728,-0.463946856256,-0.562706624616,-0.684188986453,-0.150415597386,0.19155939818,0.969886666076,0.549374103396,0.570244114693,0.610745236719
1,-0.109111353174,0.0290894017581,-0.993603803995,-0.122885554451,-0.434889156732,-0.892059729987,-0.146021143429,0.174219785555,0.973819948447,0.570040526253,0.549815670621,0.610537899536
1,-0.113638383261,0.0824720904849,-0.990093264365,-0.0665018629085,-0.243004384832,-0.967742926186,-0.154760414975,0.16406747397,0.974233584897,0.585809667081,0.515370468371,0.625476070114
1,-0.119066569161,0.0888405352564,-0.988903691673,-0.0638391964466,-0.131007157156,-0.989323850805,-0.175966585406,0.146548992764,0.973426501355,0.587926969712,0.472739555994,0.656398652104
1,-0.12021525494,0.0783652706203,-0.989650027454,-0.0773014678225,-0.069032188509,-0.994615021012,-0.209400882604,0.107409183462,0.971912824112,0.598927249167,0.455384514991,0.658719282936
1,-0.114006668112,0.0481120602175,-0.992314319804,-0.0862742711421,-0.0594220804817,-0.994497745845,-0.251633579366,0.0735341026233,0.965025013918,0.597934545388,0.438475489064,0.670979526455
1,-0.105503117776,0.0102726950361,-0.994365910456,-0.0917421016505,-0.078272553512,-0.992701764958,-0.258032540926,0.0727516063179,0.96339317602,0.625792446672,0.503184979771,0.595977088335
1,-0.0842318526979,-0.0102667370728,-0.996393290373,-0.0754442123642,-0.0826136643093,-0.993721869182,-0.255778573315,0.185792430992,0.948714126604,0.562211674621,0.626799667701,0.539481426454
1,-0.195534041044,0.013323096041,-0.980606411311,-0.0953375221814,-0.263369555016,-0.9599725175,-0.308822460692,0.263005222184,0.914033336852,0.483751298351,0.686941693353,0.542305994137
1,-0.341595040289,0.168580340036,-0.924604508643,-0.323041440678,-0.323396488243,-0.889414941968,-0.352376900666,0.307490313042,0.883900575439,0.489499991547,0.683989508795,0.540877167325
1,-0.296972351647,0.300133431752,-0.906491779059,-0.488704682144,-0.169346607798,-0.855855980921,-0.387425926166,0.310582964812,0.868008855775,0.541881063893,0.657839226322,0.52307978828
1,-0.283481236653,0.274850398211,-0.918746780712,-0.537552801835,-0.149612319812,-0.82985127523,-0.3950811603,0.295616133051,0.869782719221,0.541407235227,0.606055522886,0.582730562802
1,-0.286604622543,0.248117443505,-0.92536237473,-0.531858161174,-0.174031499162,-0.828758067045,-0.444964200688,0.23376536949,0.864500209447,0.470903980114,0.622555958604,0.625038814731
1,-0.317346809804,0.208197948498,-0.925172749571,-0.519332450988,-0.237665650242,-0.820858601737,-0.458835762279,0.242932866629,0.854665645481,0.475897705917,0.695953806567,0.537744988473
1,-0.326505715881,0.149345026503,-0.933322066896,-0.525250230105,-0.281521031856,-0.803030575008,-0.439730204783,0.251118081735,0.862309141797,0.520158922449,0.706969747126,0.479195651113
1,-0.324887768115,0.142904304496,-0.934893736146,-0.534453133313,-0.278639575562,-0.797947263434,-0.440111033102,0.209779004821,0.873095096584,0.467339207702,0.749192565067,0.469366131494
1,-0.28980009996,0.200500659098,-0.935850088297,-0.517732399396,-0.219755693534,-0.826837709454,-0.401374494378,0.168543208435,0.90027312642,0.453756403059,0.787049951825,0.417920446995
1,-0.215287029792,0.279281128755,-0.935763616478,-0.474031058766,-0.137294526179,-0.869738333297,-0.300878996021,0.12272213539,0.945733105711,0.470342891631,0.808431317483,0.353859250557
1,-0.140462306892,0.330253248705,-0.93338262897,-0.451227232647,-0.078379515205,-0.88896042438,-0.189753025297,0.137330598852,0.97218007386,0.512207002971,0.770144870688,0.380158998659
1,-0.0975924580627,0.346201436503,-0.933070349702,-0.440680765196,-0.0665595152697,-0.895192880956,-0.111231285217,0.123366188238,0.986107694316,0.65117333844,0.618953170301,0.43916996286
1,-0.0563483634819,0.375935806009,-0.924930879414,-0.413435331491,-0.0470241747235,-0.909318400598,0.0117591963951,0.0417109445247,0.99906051789,0.78414752891,0.383316410092,0.488038095498
1,-0.0648160429167,0.398872880225,-0.914712690413,-0.405376322846,-0.0462300610213,-0.912980185072,0.103969069825,0.0150737970872,0.994466295639,0.829889327512,0.304214308742,0.467693658754
1,-0.0690338376661,0.412679493156,-0.908256552515,-0.39624603456,-0.0490871700896,-0.91683124392,0.143957225008,0.0683363272608,0.987221587965,0.795095403275,0.396482637294,0.4589387955
1,-0.0806954274825,0.410054383845,-0.908484259783,-0.403351586444,-0.0607584038388,-0.913025691904,0.110937903649,0.205220006927,0.972408108919,0.75868476401,0.471064324303,0.449995368007
1,-0.109498039664,0.373292575457,-0.921228979363,-0.422257734463,-0.0964245882407,-0.901332737932,0.13500301466,0.264018224799,0.955022807585,0.829686789286,0.346949806274,0.437316434188
1,-0.139679410253,0.33848884129,-0.930545521011,-0.441494389092,-0.121450111158,-0.889006510044,0.305991911941,0.126840073297,0.943546790378,0.919814469082,0.194951153965,0.340492863413
1,-0.163169472266,0.283716716804,-0.944923567241,-0.47523850089,-0.147307722477,-0.867438068204,0.492535696327,-0.0631596842095,0.867997374498,0.969848282968,0.0754170229569,0.231746802938
1,-0.192430910759,0.245200517761,-0.950182640693,-0.494657143844,-0.161111091473,-0.854024312446,0.560021448166,-0.176964434637,0.809357502262,0.979344928934,0.0319055694599,0.199663579074
1,-0.229791222721,0.245819671752,-0.941683961284,-0.488232575208,-0.166629990896,-0.856658274133,0.584066923386,-0.188423258587,0.789533092802,0.979141500484,0.0615729979283,0.193625122223
1,-0.269293022151,0.261896304753,-0.926764044284,-0.474306560726,-0.189304321332,-0.859765759017,0.613109976398,-0.125044578494,0.780038467148,0.963612533869,0.131179152384,0.23290108319
1,-0.320749274993,0.265288048916,-0.909253624515,-0.483729001127,-0.227969796068,-0.845006523969,0.669908353316,-0.0127748828637,0.742333887496,0.953272664605,0.214175591077,0.213072858672
1,-0.351764328013,0.258933829943,-0.899563855014,-0.498938447753,-0.250577058732,-0.829621337112,0.688806493665,0.0785472841893,0.720677416346,0.949007210069,0.256832976268,0.182817224404
1,-0.354381150259,0.261422907799,-0.897815161166,-0.493432558977,-0.247001826472,-0.833975064052,0.700810590071,0.097077177651,0.706711071389,0.953263820341,0.256084378801,0.160339888248
1,-0.349161075215,0.258307181846,-0.900757427591,-0.487960046555,-0.252031753486,-0.835688331976,0.719522837912,0.0754612656717,0.690356779576,0.957832061806,0.243033040229,0.153273229015
1,-0.325541355041,0.255510360647,-0.910350087472,-0.477395258139,-0.248560974029,-0.842799626065,0.732992361393,0.05578454643,0.677945633896,0.959146915915,0.23929674641,0.15091143379
1,-0.284562960109,0.245953426755,-0.926569389523,-0.419735508213,-0.261054789299,-0.869294254053,0.721653047974,0.0486152755202,0.690545750356,0.946610644301,0.269087476862,0.177539341813
1,-0.16899145696,0.214843802804,-0.96191685081,-0.282928326694,-0.289824288458,-0.914304896506,0.665096666601,0.0833482128134,0.742091301321,0.898982126547,0.35874118207,0.251268582272
1,-0.0401090622044,0.166007633801,-0.985308443407,-0.121798966683,-0.327238637658,-0.93705916875,0.522313623164,0.222381012928,0.82324672131,0.793072387058,0.526675253621,0.306021839268
1,0.0497015366817,0.116169392051,-0.991985095454,0.0210731176175,-0.362474504432,-0.93175541713,0.285130315869,0.426852012516,0.858194652968,0.613808062141,0.735477572281,0.286901382921
1,0.0955239611187,0.0675373438818,-0.993133364676,0.132743114605,-0.381359333023,-0.91484661263,0.0246614159594,0.611041574028,0.791214262619,0.384384308453,0.891029888009,0.241483834015
1,0.119940570231,0.0147006406228,-0.992672227262,0.22959395252,-0.383989404,-0.894337047528,-0.199486105803,0.729732907269,0.653984080571,0.192899614408,0.970621277469,0.14381959006
1,0.14054854767,-0.0261329153619,-0.989728839876,0.303304625731,-0.3792234473,-0.874182979146,-0.345136109193,0.773315526835,0.531849755183,0.0411623289755,0.99794299593,0.0491471214544
1,0.15300561638,-0.0510548100321,-0.986905612371,0.348675330498,-0.385296528824,-0.854384046421,-0.445977496479,0.750093512459,0.488327549091,-0.11836563595,0.992959051579,-0.00467954198359
1,0.170818688989,-0.0785393886591,-0.982167266773,0.406515986067,-0.376994724554,-0.832237784969,-0.537979439514,0.687326333872,0.488017042148,-0.256164000489,0.965832346916,-0.039343137961
1,0.153978093439,-0.0769845779908,-0.985070617516,0.44171433486,-0.31684960519,-0.839341869604,-0.601539645743,0.669646846077,0.435572216903,-0.339941839672,0.93425126778,-0.107768800176
1,0.144852935322,-0.085995610736,-0.985709075774,0.467508351507,-0.298405703576,-0.832099740022,-0.618729483114,0.687936945046,0.379363396186,-0.371316297502,0.915859457447,-0.152727408849
1,0.138145537431,-0.111130399973,-0.984157428814,0.477316158324,-0.299769472847,-0.826019096723,-0.620257899474,0.679950531174,0.391084918268,-0.398505157371,0.906989284152,-0.136250056814
1,0.142355586029,-0.124721439171,-0.981926397312,0.476114760779,-0.294849174894,-0.828479751492,-0.637941707712,0.642089803371,0.425148282331,-0.418857914584,0.901524111212,-0.108684517268
1,0.149124334919,-0.107387901984,-0.982969873008,0.499658954572,-0.279638114962,-0.819843554452,-0.624221244225,0.633092174469,0.457757727279,-0.422851434833,0.900776952008,-0.0989825580091
1,0.154747347965,-0.0910691743852,-0.983747764305,0.5005052031,-0.255595419817,-0.827142988267,-0.60740077323,0.686285691013,0.400095302385,-0.393316582491,0.908445129541,-0.141525660397
1,0.175015821703,-0.0886237078069,-0.980568865796,0.519169677361,-0.240078411592,-0.820259228779,-0.600181202425,0.725163417584,0.337521172747,-0.393268682623,0.902703621372,-0.174544880275
1,0.198153915527,-0.0954112395132,-0.975516130638,0.539303568091,-0.228376262466,-0.81055286329,-0.603872969394,0.72595454235,0.329131340467,-0.402575337371,0.896439252238,-0.18528293172
1,0.197404317104,-0.0908952751939,-0.976099167368,0.55631056244,-0.205414537482,-0.805185336372,-0.627939520114,0.702750848854,0.33441471785,-0.425821955481,0.885031443397,-0.188135606491
1,0.202523391261,-0.0928892991592,-0.974861966688,0.550718830849,-0.213281239004,-0.806981959177,-0.656125918597,0.677023084846,0.333374446427,-0.443880891706,0.875762740099,-0.189761368652
1,0.170185196421,-0.105405067375,-0.979758526725,0.523752167946,-0.219318644422,-0.823154298283,-0.681989360678,0.648717622664,0.337721716754,-0.468152349095,0.863988344413,-0.18535781277
1,0.14572190392,-0.158104164558,-0.976610567149,0.520808335691,-0.262770819868,-0.812225445121,-0.680846762102,0.620581033733,0.389007541194,-0.492005623298,0.855964536048,-0.158918783258
1,0.12898599405,-0.21988701292,-0.966960348147,0.522571591351,-0.313952016564,-0.792687241734,-0.672388316402,0.603587439574,0.428457879791,-0.484979977362,0.86354864713,-0.138123696729
1,0.123267933356,-0.246057644029,-0.961384757743,0.517387732492,-0.357004614542,-0.777725941102,-0.684047991193,0.606172968051,0.405749526863,-0.431667815457,0.890442696795,-0.144134315215
1,0.133166916818,-0.250154042139,-0.95900444601,0.509686930249,-0.39198223591,-0.765878031976,-0.664611870275,0.62210535461,0.41385503459,-0.359596592423,0.925215424516,-0.121106188755
1,0.125143528662,-0.225690609015,-0.966127758755,0.463744306986,-0.421835263636,-0.77909962655,-0.651094154828,0.616108442278,0.443268303516,-0.284320682138,0.95622825075,-0.0692046398515
1,0.0968170285583,-0.188222633212,-0.977342674464,0.403531300227,-0.436060715987,-0.804371519704,-0.638472460836,0.599877394316,0.482182567647,-0.233094327889,0.972298903079,-0.01737461877
1,0.0540687564285,-0.141552842675,-0.98845301472,0.339503296389,-0.43064255658,-0.8362323243,-0.637236754906,0.584349376855,0.502459076907,-0.204439295863,0.978825238678,0.0102823359926
1,0.0245712803624,-0.0900792765715,-0.995631445925,0.289410790911,-0.419358849217,-0.860453107199,-0.62672126244,0.58342230439,0.516564491566,-0.188806245963,0.981051334591,0.0434796548071
1,0.00492857712251,-0.0380896325797,-0.999262172314,0.246867898445,-0.405824995296,-0.879978587189,-0.629998406537,0.586170262413,0.509417737445,-0.179710532711,0.981622425972,0.0641991998507
1,-0.00510724490025,0.00786142012387,-0.999956056096,0.206581173926,-0.391447351303,-0.896712434249,-0.666181584829,0.569241213275,0.481836629101,-0.169867843185,0.982114602209,0.0812146783505
1,0.00386899416389,0.0441496816503,-0.999017435531,0.172371842209,-0.386140605497,-0.90619169098,-0.686725216474,0.567036413812,0.45483863344,-0.137820159539,0.986220266258,0.0915160644142
1,0.00228201259716,0.0458368422537,-0.998946333048,0.115160810466,-0.402442142196,-0.908173061656,-0.676625207495,0.566004912733,0.47097427461,-0.122039765801,0.982553556188,0.140338180072
1,0.00917067326444,0.0720906678416,-0.997355921606,0.0591775650376,-0.373701249898,-0.925659436089,-0.650181709865,0.578192711817,0.492906616063,-0.0370754750128,0.992617573611,0.115480568545
1,0.0398398126034,0.0693450642074,-0.996796895763,0.0434127850566,-0.367825141769,-0.928881044686,-0.692571638124,0.558408116509,0.456645268763,-0.0188829686213,0.992022953697,0.124635038547
1,0.0546014764777,0.0643366062294,-0.996433379542,0.0474005058434,-0.367208954682,-0.928929908899,-0.737646183275,0.575710457897,0.352754272785,-0.0452304617376,0.996833631183,0.0653981427424
1,0.0348145477172,0.0530362097982,-0.997985524804,0.0502586258978,-0.369901975111,-0.927710407041,-0.788515700312,0.525013019,0.320319091285,-0.141913244134,0.989522222225,0.0265782403736
1,0.016866767711,0.0277865825753,-0.999471569368,0.0625723542023,-0.386755698861,-0.920056916657,-0.811160584436,0.457158167319,0.364725809768,-0.195788181353,0.979646672475,0.0442649426887
1,0.00563362016229,-0.00262050416424,-0.999980697455,0.0751673665841,-0.403051097845,-0.912085346624,-0.814101375036,0.402080742435,0.419010772805,-0.223868651196,0.974447590454,0.0182953674344
1,0.0104197582568,-0.0144832221432,-0.999840819788,0.087205558585,-0.407173009327,-0.909178382402,-0.777544593346,0.417948086946,0.469833802505,-0.205889888647,0.977188823361,-0.0520706947356
1,0.0144085224981,-0.00998440544407,-0.999846341258,0.0732709171649,-0.410326499964,-0.908990393857,-0.71434974094,0.493142874338,0.496502319339,-0.15388670687,0.985631780666,-0.0696338595035
1,-0.0326168560987,0.00597254727876,-0.999450083485,-0.00464240987395,-0.398106425445,-0.917327488986,-0.676143026113,0.568988911513,0.468062204001,-0.0797129666459,0.99566736616,-0.047878376256
1,-0.116005480872,0.0506646701052,-0.991955553244,-0.101416354997,-0.359084785543,-0.927778443235,-0.677399142618,0.578024759971,0.454992064153,-0.0629910288957,0.996869201334,-0.0477904353413
1,-0.172631393619,0.100974130201,-0.979797237681,-0.152059492036,-0.322979621706,-0.934110311925,-0.684828586486,0.576693760058,0.445459441747,-0.0681219985682,0.995357238896,-0.0679952960766
1,-0.170172401559,0.12534784162,-0.977409470155,-0.151138398541,-0.317962869521,-0.935979058576,-0.666689887589,0.61145517259,0.42620085136,-0.03184609585,0.996043807532,-0.0829611936814
1,-0.144986527561,0.113526509804,-0.982899098788,-0.125484162414,-0.340106093284,-0.931977237004,-0.652650363905,0.637907114139,0.408805597106,0.00829959214932,0.997371664397,-0.0719783288799
1,-0.0995379681504,0.0809420046413,-0.991736146755,-0.0875461189384,-0.362919851431,-0.927698689498,-0.643093189674,0.66942199826,0.371894255992,0.0471776204118,0.995770485135,-0.0788378910624
1,-0.0592829045584,0.0563280711831,-0.996650734021,-0.0422366517398,-0.383258747916,-0.922674805874,-0.623792829833,0.698087187703,0.351506449178,0.0470894150472,0.991879602251,-0.11814161684
1,-0.0224882654452,0.043988306541,-0.998778907869,0.00920541649452,-0.395837073989,-0.918274616421,-0.578734365887,0.741197944598,0.340135473989,0.088738945835,0.982918692917,-0.16123350336
1,0.00783350068813,0.0227137023878,-0.999711320327,0.0498880042778,-0.41895180532,-0.906636957028,-0.52148720762,0.794588116316,0.310935391517,0.139838652731,0.967946875733,-0.208624056525
1,0.0124995786723,-0.0201373494939,-0.999719084387,0.0769559998849,-0.460854118295,-0.884133053184,-0.490247169608,0.819189001899,0.297635837659,0.148559891545,0.962641218545,-0.226388698884
1,-0.00459447941063,-0.0644407731427,-0.997910956707,0.0946511968315,-0.489121964665,-0.867064504302,-0.477789083004,0.812708615283,0.333500073173,0.08289621941,0.968701425361,-0.233978129984
1,-0.0106620569847,-0.0670185464755,-0.99769476042,0.140744310838,-0.468641527046,-0.872104442194,-0.475468372288,0.782113063341,0.402776592052,-0.0375479469022,0.973942862096,-0.223663705273
1,-0.00678125727328,-0.0538545891589,-0.9985257622,0.180739195978,-0.442050662537,-0.878592371232,-0.49511627232,0.76749835465,0.407193016264,-0.142803891726,0.955490627387,-0.258156366343
1,-0.00254255901479,-0.0519589931122,-0.998645982533,0.233022894148,-0.416849814062,-0.878599205166,-0.592385958217,0.70724407516,0.38585579516,-0.321219096701,0.891622928904,-0.319103187962
1,0.040123507149,-0.0812318420859,-0.995887288806,0.293477684495,-0.429100227926,-0.85425045689,-0.700932523937,0.597619062182,0.389287879857,-0.429757371764,0.840520631551,-0.329899483709
1,0.059686197114,-0.145989259835,-0.987484022092,0.33343090008,-0.471023109957,-0.816676842305,-0.755924157418,0.501810990721,0.42043358313,-0.508053683898,0.794263483915,-0.333207101359
1,0.0727557655942,-0.193979574368,-0.978303901301,0.361278396182,-0.490654531725,-0.792928780503,-0.799799465048,0.447028625499,0.400607318571,-0.565166344195,0.739117006253,-0.366460167627
1,0.0638970742656,-0.197305965641,-0.978257389353,0.375037577532,-0.465447251872,-0.801689260975,-0.863392263944,0.389564602148,0.320613816475,-0.61008034211,0.680704616927,-0.405515968446
1,0.0634948704557,-0.179791884294,-0.981653339916,0.395350050714,-0.453621186747,-0.798702795998,-0.893612195946,0.354969153976,0.27468917522,-0.638546375375,0.651305171969,-0.409951337919
1,0.0758577291787,-0.186217932177,-0.979575666633,0.417166552381,-0.459826812679,-0.783920512498,-0.888223827225,0.348294287396,0.299582245997,-0.651536685937,0.650686837449,-0.390008444073
1,0.0917299811444,-0.200163819763,-0.975458894991,0.429713725568,-0.463894106446,-0.774692437076,-0.88628872596,0.336415229466,0.3183034521,-0.660371971578,0.649888822708,-0.376235800096
1,0.104461377175,-0.212866816839,-0.971481105821,0.43851671373,-0.472535917478,-0.764469030421,-0.889976959178,0.326739354353,0.318091820783,-0.668366436852,0.641539552819,-0.376448280987
1,0.12044853586,-0.224584114113,-0.966981967721,0.454877189051,-0.47624939006,-0.752511303137,-0.892428537675,0.330416323398,0.307239903618,-0.670630417261,0.633760156609,-0.385490476328
1,0.109940726099,-0.227437653112,-0.967566613051,0.446814213299,-0.469003824473,-0.761834937125,-0.893183869778,0.329856297907,0.305642597651,-0.675649819532,0.628792389601,-0.384860302118
1,0.115929934994,-0.250208476489,-0.961226283695,0.455092144668,-0.478813688467,-0.750752017379,-0.892858232232,0.330252023814,0.306166258594,-0.668644609493,0.636439872861,-0.384523958198
1,0.127350552884,-0.304940081136,-0.943818512002,0.476020149139,-0.506625075266,-0.718843411826,-0.89706389436,0.329772958139,0.294153302747,-0.657146082973,0.641695688781,-0.395456279041
1,0.16454399835,-0.39098506029,-0.905569409398,0.532204410528,-0.53701605186,-0.654501509135,-0.907389079801,0.323508857865,0.268304075148,-0.656934680625,0.629669340615,-0.414672577923
1,0.202405265354,-0.396665301134,-0.895370731839,0.560436609351,-0.553447606079,-0.616122190985,-0.916543839579,0.30818400854,0.254892147799,-0.673957903252,0.601350402575,-0.42913685226
1,0.223279852996,-0.394553382145,-0.891332561889,0.584880532858,-0.55500732428,-0.591507930868,-0.932046748924,0.282183797238,0.227290920183,-0.685450525646,0.58836538928,-0.428933264727
1,0.257950975722,-0.416374378153,-0.871833511252,0.625185807513,-0.55358032011,-0.55017409542,-0.922661914371,0.279436659126,0.265725695608,-0.687807619906,0.615176011028,-0.385329928055
1,0.242138430941,-0.466027304231,-0.850992086904,0.629139722541,-0.546472745828,-0.552766449405,-0.885314290855,0.268095819667,0.379925305666,-0.718220057352,0.619204981417,-0.317403749513
1,0.209898346564,-0.552803691163,-0.80644327956,0.63831539621,-0.525428954196,-0.562563657779,-0.877604574799,0.249783035744,0.409168235993,-0.743743507039,0.585407368207,-0.322713199275
1,0.190491196904,-0.593090278399,-0.782276821573,0.641799754766,-0.490547248993,-0.589454384399,-0.904221290099,0.283966873838,0.318977543244,-0.738667129494,0.536629506314,-0.407921125658
1,0.198839029389,-0.583704586567,-0.78724328896,0.654355955016,-0.492170231828,-0.574096461439,-0.936526700555,0.264144041147,0.230533435048,-0.726322403607,0.504314305476,-0.467036237684
1,0.23790105044,-0.591465419949,-0.770436076001,0.668036971518,-0.522025685364,-0.530297830002,-0.933611910585,0.232700811704,0.27243188625,-0.74165793816,0.518552050277,-0.425496502828
1,0.261767395812,-0.594586945717,-0.760226410008,0.682229558146,-0.518483285634,-0.515497732789,-0.913447706547,0.22342575368,0.340138530597,-0.752991620766,0.539664154011,-0.37651855191
1,0.247146029452,-0.555363601307,-0.794034073872,0.671961521117,-0.463928891865,-0.577267440128,-0.916333442017,0.22035791437,0.33432830065,-0.751612458217,0.533941332332,-0.38727944211
1,0.197088304058,-0.460726504619,-0.865382740957,0.608162839332,-0.433478072266,-0.665007309524,-0.945295650679,0.194217913403,0.262098330633,-0.773278439957,0.474652320954,-0.42041126116
1,0.126145355506,-0.364454683972,-0.922637595492,0.553822506194,-0.425103992604,-0.715938005071,-0.96883991067,0.167892959836,0.182102118414,-0.796608447437,0.412024636999,-0.442324179736
1,0.0354906529439,-0.35879371343,-0.932741917551,0.475103305437,-0.446805896526,-0.758051014109,-0.979584802076,0.142148325737,0.14215297757,-0.830647431706,0.361347665206,-0.423618589122
1,0.0752254922846,-0.439747695843,-0.894965412355,0.524111715722,-0.480509955595,-0.703147987281,-0.95617081094,0.176066303612,0.233961614455,-0.855610403668,0.376191981043,-0.355542445475
1,0.109696309575,-0.588657034282,-0.800905497332,0.584877734124,-0.53849330915,-0.606583046357,-0.889868358378,0.146993887406,0.43188783477,-0.907205573368,0.348027133712,-0.236336966745
1,0.28553393434,-0.567573684845,-0.772224374526,0.727094193993,-0.411759271868,-0.549352650938,-0.670339460322,0.281232555386,0.686697355264,-0.807615098185,0.550036248763,-0.212645193293
1,0.317416820366,-0.532682123785,-0.784535733506,0.742900297215,-0.298511407514,-0.599157815589,-0.538866306305,0.425791812826,0.726859295916,-0.77731613438,0.572583792523,-0.260628908167
1,0.283152099013,-0.549586908658,-0.785989261159,0.77580086381,-0.230492515412,-0.587372301059,-0.524809127759,0.474054849412,0.706998853726,-0.814723993308,0.523665058369,-0.24899743246
1,0.304242425589,-0.547752629042,-0.779361022793,0.827261952386,-0.194707991699,-0.526997590226,-0.484543522623,0.486284896737,0.727148247532,-0.817413962604,0.516463041957,-0.255147682788
1,0.453378067918,-0.475587972828,-0.753833143097,0.897122255203,-0.144989769579,-0.417312384115,-0.375628008687,0.554582748371,0.742523787026,-0.789304293311,0.541517174837,-0.289409540127
1,0.386436850776,-0.537474036761,-0.749525329905,0.875946004253,-0.155754605421,-0.456573214855,-0.343320949734,0.623385771363,0.702510430909,-0.785203168976,0.534668071689,-0.312387638274
1,0.522704874289,-0.483556970141,-0.702105598199,0.932690213091,-0.0984992175943,-0.3469681117,-0.375885857228,0.619339635208,0.689295465382,-0.804685730278,0.495854045971,-0.326511317693
1,0.582584133747,-0.484750993949,-0.652389608265,0.944427829754,-0.0680799504924,-0.321591658362,-0.41762410095,0.604616443173,0.678254426414,-0.817665727933,0.459791553449,-0.346431067805
1,0.508855089188,-0.504665503801,-0.697408938486,0.912628448877,-0.0756135260505,-0.401736118589,-0.472416558355,0.661740657237,0.582169990597,-0.785563971366,0.484530460622,-0.384862936149
1,0.318304554458,-0.36970716156,-0.872925440861,0.727382945421,-0.151547180471,-0.669288803733,-0.549208735842,0.627747705997,0.551636276989,-0.759006936394,0.493204980972,-0.425038018593
1,0.226774243994,-0.27500077795,-0.93431687044,0.597266963523,-0.130693766106,-0.791322509338,-0.595545831233,0.575531066327,0.560436574996,-0.733144446341,0.519520777495,-0.438859183053
1,0.206821416216,-0.218536635485,-0.953659604233,0.52624006212,-0.122181387055,-0.841512391874,-0.573200220337,0.58749143968,0.571222649856,-0.719840820991,0.533508378336,-0.444069817349
1,0.215247179894,-0.175202007595,-0.960714790186,0.494028820194,-0.112019035201,-0.862199084069,-0.609363152898,0.596839634997,0.521976051162,-0.719906113,0.508025768337,-0.472911204319
1,0.228777481394,-0.135260992967,-0.964035957726,0.475835050853,-0.093017496828,-0.874602052172,-0.665804762159,0.593513241984,0.452157107957,-0.724188266695,0.480499499323,-0.494642886871
1,0.239915134306,-0.108649752758,-0.964694749419,0.462386745273,-0.083360826693,-0.882751080639,-0.689813807794,0.586690433253,0.424206607806,-0.719399220171,0.471967960218,-0.509618491172
1,0.245010630403,-0.0878140356462,-0.965535336553,0.446581611103,-0.0744223842381,-0.891642402171,-0.732776298367,0.546085989535,0.405991365161,-0.735917568172,0.46103139638,-0.49585823015
1,0.252329792151,-0.0710758442663,-0.965027409121,0.440685036965,-0.0653097781037,-0.895282821838,-0.776391136573,0.518855280765,0.357779262498,-0.737035631697,0.454137505409,-0.500537315082
1,0.260633052266,-0.0727111046031,-0.962695957888,0.441605181637,-0.0800810131697,-0.893628499367,-0.787797575199,0.514182290265,0.339104044341,-0.711881013114,0.465226434289,-0.526108152386
1,0.265902422296,-0.0786217035917,-0.960788493656,0.44101540106,-0.0983447709772,-0.892095130605,-0.797574090041,0.523518338116,0.299673356427,-0.678224054832,0.479931269009,-0.556487294082
1,0.271963578343,-0.0728328316135,-0.959547388457,0.443898309803,-0.0959682992561,-0.890923327841,-0.803508944417,0.529454738382,0.272123237243,-0.660939664651,0.486038657033,-0.571773717096
1,0.277517021723,-0.0709437954636,-0.958097740598,0.447947246454,-0.0979098245651,-0.888682694018,-0.801145553949,0.526322792624,0.284868600152,-0.652152953779,0.481359754109,-0.585652893787
1,0.278513319766,-0.0703388690224,-0.957853211206,0.445839696491,-0.100525882359,-0.889450117775,-0.795449110674,0.52325882446,0.305713779461,-0.653935136196,0.487617170194,-0.578444753611
1,0.277936176919,-0.0665802696555,-0.958289387008,0.442083010247,-0.0972183990486,-0.891690077851,-0.781597745251,0.542900686447,0.307186928878,-0.647239714891,0.506868027135,-0.569355385094
1,0.282447798381,-0.065693184916,-0.95703064039,0.447541797982,-0.0977729830745,-0.888902009695,-0.777177170252,0.539931195686,0.323218115156,-0.638627444377,0.509087197016,-0.577048709489
1,0.288829507191,-0.0667527222264,-0.955050569264,0.456731957625,-0.100924460113,-0.88386094621,-0.77718104585,0.509084446819,0.369895455471,-0.639525589195,0.492382423992,-0.590395265317
1,0.290940984056,-0.0749559348765,-0.953800268203,0.459392699309,-0.114884023893,-0.880772393344,-0.760138795204,0.514547908692,0.396773816785,-0.633574698202,0.49608611729,-0.593701664163
1,0.296537725783,-0.0778427729153,-0.951843411435,0.468063386565,-0.120309491797,-0.875466899626,-0.757125048127,0.497718062557,0.423129284857,-0.627461863042,0.492102161133,-0.603429427055
1,0.2986932478,-0.0784315119085,-0.951120834415,0.471136778043,-0.12184030675,-0.873604645149,-0.754888032178,0.494009460284,0.431391599389,-0.611125851718,0.50109767148,-0.612720423195
