2,-0.32200177767,-0.261947238845,-0.90977936844,-0.117382182096,-0.349736748205,-0.929465238877,-0.975565804149,0.218809738187,-0.0198408731869,-0.825904813233,0.468483283992,-0.313695157914
2,-0.331484801523,-0.262422295418,-0.906229753002,-0.128159064737,-0.349273661961,-0.928215041456,-0.974937928741,0.221428667134,-0.0215726788606,-0.82624772239,0.462453664596,-0.321638476162
2,-0.337432036901,-0.262703275778,-0.903950556927,-0.141809616127,-0.349492284198,-0.92614533204,-0.971361406331,0.236653773161,-0.0212605253589,-0.818263849737,0.481438436344,-0.314103970403
2,-0.332673628455,-0.270884559235,-0.903299403575,-0.121834593007,-0.348247804396,-0.929451342825,-0.96405745097,0.265260440381,-0.0151700362224,-0.799744881661,0.511241540561,-0.314706548172
2,-0.344031511418,-0.268050044772,-0.899884155127,-0.137299085799,-0.342090232069,-0.929582290151,-0.947988155755,0.318135814115,-0.0103952068682,-0.777858964525,0.550677340147,-0.302803398854
2,-0.340525432589,-0.262092203325,-0.902967389619,-0.131205423724,-0.346210825894,-0.92893659677,-0.910406047079,0.41355761311,0.0114424683096,-0.724253561234,0.621550917569,-0.298548548664
2,-0.342864604651,-0.249666167938,-0.905599617637,-0.135671110222,-0.349704737997,-0.926984328926,-0.861003835715,0.508514123454,0.00926181041262,-0.683870063962,0.662476730379,-0.305689903863
2,-0.345253145187,-0.257598148558,-0.902465212403,-0.136326282864,-0.350565003823,-0.92656317793,-0.823470449672,0.567147955208,-0.0154795161522,-0.648889089067,0.689474722181,-0.321819137969
2,-0.348303267917,-0.261311006147,-0.900222967728,-0.145316106575,-0.3536691478,-0.9240137245,-0.809969319031,0.586197955523,-0.0179348590298,-0.641211076611,0.695037744335,-0.325224367446
2,-0.355877085463,-0.269334032154,-0.89488025968,-0.147686867514,-0.359171195278,-0.921512149484,-0.814516249331,0.579736576574,-0.0216513592534,-0.645059614027,0.68919404819,-0.330014633448
2,-0.363328433869,-0.27130284452,-0.89128402639,-0.147222385341,-0.359793152905,-0.92134383179,-0.812042131219,0.583055119284,-0.0251854124906,-0.635958126256,0.691774864806,-0.342059641103
2,-0.366926521207,-0.273679878587,-0.88908056558,-0.15345343938,-0.356170009163,-0.921734759307,-0.81609538783,0.577367882317,-0.0251921898825,-0.640406835418,0.688175629391,-0.341018164123
2,-0.357148622587,-0.267617896762,-0.894888553238,-0.143672008832,-0.359394842599,-0.922059488857,-0.825950306336,0.56323863968,-0.0238395938571,-0.647849419333,0.681191636832,-0.340982527089
2,-0.350382337745,-0.26246327964,-0.899080221247,-0.146742850169,-0.352850571088,-0.924101190567,-0.828296616342,0.55959715228,-0.027852154624,-0.645901928953,0.680196507328,-0.346617093625
2,-0.336170556997,-0.263328250688,-0.90423867922,-0.128238629235,-0.354464936618,-0.926234021552,-0.82600407187,0.562910576117,-0.0291368589597,-0.644183289549,0.679446190032,-0.351255981182
2,-0.326186508049,-0.26127327143,-0.90848150207,-0.119398471583,-0.356957747331,-0.926458402522,-0.821613773504,0.569414558381,-0.0267930567862,-0.639006573518,0.685995347464,-0.34796692696
2,-0.324736247939,-0.265474288789,-0.907782887736,-0.116545802111,-0.365252933962,-0.923583981153,-0.825811192351,0.563139658308,-0.0301595727587,-0.640926119158,0.684398997902,-0.347579805875
2,-0.329775694636,-0.26693690878,-0.905534470883,-0.124667418807,-0.359090731757,-0.924938852603,-0.832308146895,0.553990940595,-0.018899374333,-0.648723041378,0.682097720332,-0.337492393253
2,-0.322767121517,-0.268991567516,-0.907449680078,-0.103639696761,-0.359228029628,-0.927477242839,-0.839836954994,0.542534602567,-0.0181684904194,-0.657183846778,0.676260626024,-0.332837734073
2,-0.297932162561,-0.260879933389,-0.918247290694,-0.0747296941296,-0.351134958722,-0.933337941787,-0.847814584426,0.53017295979,-0.0112722287891,-0.667707093843,0.673042857451,-0.318088900884
2,-0.272277689284,-0.249681958722,-0.929259801889,-0.056927167919,-0.32511290494,-0.943960219816,-0.859920234481,0.51034886866,0.00901235745232,-0.693070756408,0.655858189533,-0.299170456153
2,-0.261543345328,-0.232529670391,-0.936763060172,-0.0689879161296,-0.313589667992,-0.947049200177,-0.883007435341,0.468173257128,0.0333417222382,-0.723511150818,0.638340979132,-0.262778250629
2,-0.262941582354,-0.233383087666,-0.93615920583,-0.0831522816191,-0.324703969344,-0.942153400649,-0.906601026782,0.417286184602,0.0628237087189,-0.767352491058,0.591869078031,-0.246700524803
2,-0.305887960703,-0.244510291707,-0.920134377548,-0.134267137546,-0.338028232943,-0.931509124759,-0.95086243774,0.303196517209,0.0627096200633,-0.827526795741,0.498482547036,-0.258291603874
2,-0.336686969939,-0.257273062446,-0.90578830618,-0.146126627796,-0.352684332018,-0.924262284526,-0.97208400303,0.231391718498,0.0388659705057,-0.84161066041,0.463181038349,-0.277767568297
2,-0.376299073874,-0.280093054858,-0.883146017158,-0.166851147181,-0.385301203531,-0.907581223496,-0.977197784779,0.210597731854,0.0270755380666,-0.841650805025,0.451307199561,-0.296556460098
2,-0.392064689387,-0.300919990645,-0.869328728713,-0.180922102373,-0.392138223838,-0.901939469298,-0.973702545309,0.226992109855,0.0194405586789,-0.828883233733,0.472789412025,-0.29903638025
2,-0.403396005748,-0.312597416497,-0.859973556422,-0.222928037769,-0.413856863106,-0.882624261414,-0.969631508273,0.242460914601,0.0320537525972,-0.8285591385,0.475222301142,-0.29606336907
2,-0.400447619034,-0.307665511224,-0.863124346554,-0.252027236905,-0.395005939347,-0.883432272299,-0.969277970458,0.243527252729,0.0345643336816,-0.828566972547,0.477018859342,-0.293137817138
2,-0.396872371554,-0.277093486903,-0.875049438725,-0.245635285492,-0.407089499719,-0.879739419226,-0.968968901572,0.244715608768,0.0348358810983,-0.828315376189,0.472289502796,-0.301390549152
2,-0.390532851448,-0.280329599251,-0.876869093836,-0.230133000388,-0.42294090407,-0.876447256711,-0.969047310664,0.244570626355,0.0336529110155,-0.829365519148,0.468424394451,-0.30451834482
2,-0.383955758963,-0.277254106516,-0.880742945234,-0.228025403987,-0.421680275284,-0.877604786093,-0.969616204773,0.242018551816,0.035657201486,-0.83006194378,0.473830894662,-0.294077290441
2,-0.377358889267,-0.280767313368,-0.882479452699,-0.224035941155,-0.416953228094,-0.880884727222,-0.968017862043,0.248513362169,0.0343878988901,-0.822352149046,0.485849176028,-0.296120788046
2,-0.385422234394,-0.268718279475,-0.88274582271,-0.244171561564,-0.392477606316,-0.886759029874,-0.965604541141,0.258398883297,0.0289462819579,-0.813918552065,0.4954123575,-0.303485068234
2,-0.378304140184,-0.263134401194,-0.887494374308,-0.245437433079,-0.386982909679,-0.888822082343,-0.963737765718,0.266409391271,0.0153478067224,-0.80380255693,0.509788102003,-0.306622798451
2,-0.359640188705,-0.261084358795,-0.895820234344,-0.220462397559,-0.383585791419,-0.896804478069,-0.961237960479,0.275637281835,-0.00675812081799,-0.784612861773,0.536917800076,-0.310003117891
2,-0.369379017017,-0.252520307381,-0.89431126357,-0.226006151968,-0.373992452687,-0.899472548,-0.959559286733,0.281170051864,-0.0137614381463,-0.778455921137,0.545560120133,-0.310436038772
2,-0.374909557453,-0.246383199538,-0.893721512954,-0.221927772023,-0.376786136409,-0.899322117717,-0.955522340549,0.294828279032,-0.00730360154296,-0.775353040656,0.544174349212,-0.320471433992
2,-0.388018202471,-0.235618255916,-0.891025202803,-0.225531631157,-0.38173448254,-0.89633379284,-0.952374666326,0.304861585193,0.00647370176681,-0.775170857941,0.551791837651,-0.3076294994
2,-0.383615440096,-0.242405786705,-0.891110895844,-0.21073421551,-0.392854137405,-0.895129441554,-0.945849398486,0.324300610795,0.0140722856104,-0.758544005942,0.57680094797,-0.303169354437
2,-0.384291245182,-0.261672417354,-0.885351785943,-0.208230679676,-0.394199963117,-0.895123663591,-0.934790328758,0.354252484604,0.0259271751746,-0.761029226247,0.580606028301,-0.289363364472
2,-0.354275792024,-0.287420144521,-0.889875454043,-0.167341676007,-0.398432056184,-0.901803005138,-0.912343333332,0.405957838022,0.0531777761245,-0.730678243046,0.62723560712,-0.269601183788
2,-0.344192960907,-0.303014927054,-0.888658066775,-0.164271289294,-0.40746226029,-0.898325915218,-0.896162009021,0.439174961675,0.0633956356968,-0.722998546247,0.636085500768,-0.26957065463
2,-0.341055575799,-0.299443174766,-0.89107512551,-0.156050873698,-0.401503579909,-0.902464957845,-0.881556828285,0.468146157773,0.0608007686394,-0.723751557116,0.631309973848,-0.278624120443
2,-0.330353107743,-0.280462510564,-0.90122561236,-0.142959162042,-0.398611402765,-0.905909282199,-0.877450024044,0.476950451081,0.0509874741374,-0.706784478404,0.640970545976,-0.299353403653
2,-0.338590844006,-0.277867163172,-0.898969454423,-0.162148574715,-0.402513886628,-0.900938627648,-0.88032137243,0.47210076155,0.0464236166918,-0.700489376383,0.641618906533,-0.312473698658
2,-0.340677254549,-0.29200267664,-0.893685316578,-0.149601551409,-0.42072081933,-0.894770008437,-0.883316597041,0.466413722852,0.0470109405024,-0.694941358932,0.647720626844,-0.312273113166
2,-0.344424939227,-0.301303042551,-0.889150121064,-0.174654821631,-0.424404784898,-0.888468497943,-0.889983918807,0.453764167276,0.0450189378143,-0.704996891802,0.636021533278,-0.313776977735
2,-0.370569462208,-0.255458762319,-0.892983255405,-0.192052447515,-0.419662765672,-0.887129652594,-0.888757178786,0.456613416665,0.0401853814029,-0.693841301268,0.648541324699,-0.313015013717
2,-0.382818930569,-0.23776135697,-0.892703312153,-0.206124019988,-0.404602604659,-0.890959943368,-0.887033453411,0.46031752521,0.0357690999941,-0.681659072466,0.660965227632,-0.31379272902
2,-0.385934258622,-0.234191449475,-0.892305504306,-0.208457186774,-0.403427332084,-0.890950048549,-0.892878746502,0.448464542835,0.040584453484,-0.686907930026,0.658157193755,-0.308198968163
2,-0.391434721634,-0.261901707587,-0.882148714369,-0.206819424098,-0.403377363865,-0.891354266348,-0.894486695353,0.444495221426,0.0481409385563,-0.696769757259,0.647551175089,-0.30852776376
2,-0.38287497633,-0.274273242634,-0.882145646067,-0.195703434695,-0.394318654722,-0.89789362632,-0.897008120685,0.439674700616,0.0454157358526,-0.699846423871,0.644693055421,-0.307548121905
2,-0.354264142389,-0.280608966957,-0.892051301821,-0.163511476279,-0.38551029629,-0.908100109338,-0.897754565399,0.438553410008,0.0413236841924,-0.691171438622,0.650742243505,-0.314351037778
2,-0.328323235069,-0.280133383948,-0.902069365687,-0.132333337458,-0.380060179429,-0.915446419956,-0.902011320666,0.429892759655,0.03959536068,-0.695415319961,0.646178000998,-0.314406621733
2,-0.306557048354,-0.29232009122,-0.905854149614,-0.10523033718,-0.384437738259,-0.917133687932,-0.915574522485,0.400652662172,0.0346516676363,-0.718369793734,0.623750382772,-0.308026458999
2,-0.294568436678,-0.287760368632,-0.911275702715,-0.107783799378,-0.378053463766,-0.919488026636,-0.924883472444,0.378088651254,0.0404911619115,-0.749068891201,0.5924312327,-0.296514806977
2,-0.294573196071,-0.287804755864,-0.911260146533,-0.125897897397,-0.366934304539,-0.921688090182,-0.935662782424,0.349320197508,0.0501054607663,-0.776646928687,0.564543061162,-0.279482880075
2,-0.29256941612,-0.280798473533,-0.914087169811,-0.137806190692,-0.359348312479,-0.922972504534,-0.942885773895,0.326066446992,0.0681695645627,-0.802977879671,0.534334229943,-0.264033057533
2,-0.315702486137,-0.284314463912,-0.905260860668,-0.15088185534,-0.372231980391,-0.915793654981,-0.950857358714,0.301099115981,0.072177598572,-0.833142452696,0.489478592775,-0.257457493056
2,-0.335197826839,-0.289556014929,-0.896548789024,-0.165949394686,-0.374552546009,-0.912234174256,-0.952531715767,0.297614482902,0.0641010922291,-0.840706929063,0.483177395252,-0.244441126129
2,-0.355888602059,-0.285935320294,-0.889710231218,-0.190498694033,-0.378819656423,-0.90565220448,-0.947976196972,0.31514723776,0.0449816463412,-0.833816785228,0.491656526373,-0.251044674804
2,-0.378216701731,-0.295484940781,-0.877291728163,-0.193056398919,-0.375113037644,-0.906652875044,-0.943794604388,0.328824978903,0.033554105234,-0.822888177948,0.504528782683,-0.261353695281
2,-0.376326004526,-0.312782945359,-0.872092636943,-0.1842708122,-0.387635958866,-0.903206859565,-0.941870834131,0.33497041352,0.025964473405,-0.803695027997,0.530879616306,-0.268777110193
2,-0.374856095427,-0.333523426917,-0.865011578777,-0.193594611943,-0.405621991713,-0.893303938234,-0.942934537606,0.330641297711,0.0393800715828,-0.808367813127,0.527575071274,-0.261162828272
2,-0.380849943412,-0.33503735524,-0.861802350424,-0.204669837688,-0.404073246617,-0.891535231446,-0.942236336078,0.331274880373,0.0494736354808,-0.808141159383,0.531894265032,-0.252975013269
2,-0.398064431168,-0.317876570771,-0.860522628635,-0.20783551348,-0.399208999637,-0.892993042495,-0.945981379522,0.321194085119,0.0441994262729,-0.816862118615,0.517111644656,-0.255600911838
2,-0.393071726799,-0.301522815258,-0.868664843003,-0.208708640059,-0.399490111127,-0.892663629077,-0.949300200171,0.312764101371,0.0317450287162,-0.819793528076,0.512327621007,-0.255849526242
2,-0.385258526335,-0.272979344996,-0.881509015888,-0.205580740371,-0.385931927228,-0.899329253797,-0.948446947455,0.316068237555,0.0234362341591,-0.816431331166,0.512047192001,-0.26692237571
2,-0.37810618568,-0.270040211316,-0.885502115538,-0.2013242811,-0.384612807767,-0.900855994008,-0.947568567178,0.31718614435,0.0388170108174,-0.818270132334,0.515214110407,-0.254928246703
2,-0.369358620687,-0.269641530263,-0.889307401567,-0.188069683458,-0.372173958241,-0.908909422864,-0.945272217652,0.325088016695,0.0278965219387,-0.811764814506,0.520117562366,-0.26554774947
2,-0.361786140843,-0.277177743087,-0.890102964286,-0.184423004092,-0.366423767163,-0.911987817035,-0.943397157974,0.33141663238,0.0128381505377,-0.804632323856,0.527082557236,-0.273405927631
2,-0.360563436623,-0.262040657983,-0.895169649695,-0.183147189063,-0.363966878371,-0.913227911634,-0.938592044985,0.344993244168,0.00496332237643,-0.78784108924,0.552159716719,-0.272811409837
2,-0.346414774317,-0.254915673999,-0.902781703007,-0.168145197877,-0.372931686579,-0.912496109349,-0.931466981327,0.363766446097,-0.0065753624281,-0.766306103656,0.575461341631,-0.285690741517
2,-0.356859495992,-0.257033143231,-0.898100920499,-0.173983333609,-0.376957355305,-0.909743343976,-0.937782298258,0.346929011039,-0.0143046277226,-0.768764436201,0.570118934804,-0.289768255353
2,-0.396370860873,-0.25900759311,-0.880798051407,-0.200451845612,-0.387747532088,-0.899706012512,-0.951182426463,0.308626970847,0.00117662829028,-0.793568709175,0.536832764854,-0.286459921102
2,-0.44019898993,-0.269743342971,-0.856424765048,-0.247642386486,-0.375263770425,-0.893224692349,-0.967079088607,0.254348552935,0.00805294974404,-0.827313025721,0.486312988754,-0.281163358996
2,-0.429938247633,-0.28767638012,-0.855801030347,-0.232858941204,-0.409348932815,-0.882162209973,-0.977263738662,0.20859079498,0.0380192759708,-0.842467742433,0.462468050327,-0.276353768541
2,-0.420766694825,-0.315079549384,-0.850693990861,-0.246759356499,-0.450887865159,-0.857793654111,-0.987574723274,0.142898574754,0.0653923793983,-0.874060243767,0.408052971985,-0.263650265161
2,-0.319497555355,-0.316071602275,-0.893319682061,-0.168146099573,-0.445177619615,-0.879513374652,-0.99312515783,0.101387294217,0.0585067300066,-0.886424767253,0.364900399711,-0.284778563608
2,-0.224611191171,-0.285735627358,-0.931614171242,-0.106474777989,-0.4045448211,-0.908298744562,-0.994237951197,0.104515620521,0.0238197705056,-0.865225826711,0.378684334281,-0.328606822452
2,-0.155919692167,-0.25979620991,-0.952992643681,-0.0648277016462,-0.371354813721,-0.926225119194,-0.988947440461,0.147983461721,-0.00915724101531,-0.813240927386,0.458724565492,-0.358065590414
2,-0.126238961866,-0.250918561052,-0.959741423628,-0.0659169217138,-0.364591607944,-0.928831480328,-0.976945412289,0.212939032565,-0.0153176309775,-0.779949870024,0.493001988156,-0.385522035587
2,-0.104340599053,-0.244245661021,-0.964083552635,-0.0667443003059,-0.360038764851,-0.930546767326,-0.965725083619,0.259342469671,-0.0107956609276,-0.763638053855,0.516691153571,-0.387152650161
2,-0.0824094267705,-0.235436640372,-0.968389526353,-0.0584976931065,-0.350595500729,-0.934698247976,-0.959158110173,0.282122098831,-0.0205630990174,-0.752425279353,0.53285881034,-0.387192054713
2,-0.0768654604839,-0.231123188051,-0.969883381098,-0.0685867316497,-0.346993048675,-0.935356447785,-0.959635372162,0.28004424839,-0.0259840612485,-0.757501880323,0.540103491464,-0.366713948216
2,-0.0679324734043,-0.221480088443,-0.972795841624,-0.0684387186977,-0.334430102162,-0.939932257427,-0.955798731219,0.293175429287,-0.0222924440597,-0.744949069665,0.544044209542,-0.386091675214
2,-0.326812294022,-0.267945870025,-0.906310507063,-0.202382478721,-0.391910189007,-0.897467401112,-0.948908111653,0.314859758946,-0.0208980342456,-0.728672774567,0.562901546463,-0.390099777742
2,-0.420178634314,-0.256747509649,-0.870362356467,-0.248890745661,-0.389399182578,-0.886804191088,-0.93873125522,0.344247968584,-0.0166423135048,-0.709025280484,0.580563992686,-0.400285650543
2,-0.450056691736,-0.208971247661,-0.868205040226,-0.288021783039,-0.366833182295,-0.884577226059,-0.928716602357,0.370303800992,-0.0189886143897,-0.696294339725,0.605619529326,-0.385226138995
2,-0.395442839444,-0.18387507852,-0.89989716981,-0.253109107257,-0.348048065142,-0.902661799443,-0.911049473816,0.41051479914,-0.0382943330864,-0.639177863734,0.655677730717,-0.401918364789
2,-0.382460258164,-0.1793841054,-0.906391468216,-0.248053734344,-0.3158506747,-0.915809858087,-0.872184563363,0.482307040756,-0.0816945889809,-0.542998473525,0.702593957554,-0.45990693467
2,-0.347366813055,-0.190924898778,-0.918087131058,-0.208283409197,-0.309958259176,-0.927655053898,-0.781286458461,0.61046589444,-0.130087899323,-0.409686759694,0.742705398291,-0.529665413522
2,-0.332626972875,-0.214840692848,-0.918260732914,-0.19374949105,-0.330459108378,-0.923719607028,-0.685122191995,0.7020854007,-0.194122827508,-0.328499039539,0.732102406851,-0.596753254625
2,-0.317070561986,-0.238156300975,-0.91801298195,-0.193935566569,-0.344140840384,-0.91867082135,-0.680819788508,0.693843145383,-0.234661682387,-0.305570548472,0.711517581743,-0.632747477891
2,-0.319494647181,-0.269351638366,-0.908500338653,-0.197329459223,-0.37656909941,-0.905128056074,-0.702748183967,0.663660389292,-0.256319873626,-0.316658352645,0.703459037765,-0.636296212378
2,-0.365075975636,-0.27228103613,-0.890271065113,-0.246997480153,-0.390449263943,-0.886871815475,-0.73769358384,0.623781507354,-0.258272738485,-0.343167235018,0.69504710421,-0.63177984436
2,-0.401747223704,-0.2569649653,-0.878958574026,-0.25349974433,-0.393140501108,-0.883842987195,-0.737165421229,0.626533267966,-0.253067591517,-0.340292172041,0.715640510372,-0.609967128264
2,-0.441335932739,-0.24853222097,-0.862237977367,-0.279888674368,-0.387318929326,-0.878434048148,-0.759153205519,0.597504045375,-0.258215658531,-0.366495102493,0.70543301083,-0.606667624882
2,-0.452216545999,-0.224080156416,-0.863300804485,-0.285651055063,-0.379662594456,-0.879920331117,-0.765793253839,0.591924311132,-0.251368856991,-0.37302703721,0.713978590983,-0.592524599598
2,-0.440384767087,-0.220092334632,-0.870414051561,-0.283081734373,-0.374554695873,-0.882934602031,-0.772584919178,0.58853489436,-0.238199959652,-0.373609707865,0.718083485008,-0.587172798031
2,-0.416543643509,-0.231480525155,-0.879151954742,-0.275827020983,-0.367527540001,-0.888168318415,-0.784792072363,0.570563248494,-0.2419896333,-0.384981880971,0.699672544873,-0.601869820871
2,-0.385456085682,-0.242642408294,-0.890251800171,-0.262680971384,-0.365635110652,-0.892921986027,-0.773306498999,0.567895187595,-0.28194345978,-0.374982846734,0.687509856407,-0.621866595017
2,-0.361150512458,-0.234164844121,-0.902627904027,-0.234687260953,-0.34881671772,-0.907330583076,-0.758578499321,0.572734145845,-0.310699627535,-0.346583974242,0.694183494597,-0.630863554683
2,-0.354502961514,-0.233415986871,-0.905452719556,-0.224457767067,-0.338807098666,-0.913689477173,-0.746629506003,0.587129225894,-0.3127677299,-0.321660544987,0.719965998175,-0.61496622287
2,-0.357580064988,-0.230925314463,-0.904881205609,-0.226531299488,-0.341518970929,-0.912166850334,-0.737029407804,0.592772078787,-0.324667390791,-0.301262957226,0.723361364519,-0.621280103435
2,-0.364910269267,-0.23408311053,-0.901135723822,-0.234952137518,-0.340394585778,-0.910455391026,-0.726421560627,0.606243594451,-0.323698038985,-0.292828450705,0.713890818581,-0.636090714918
2,-0.375574574349,-0.248344001871,-0.892899208106,-0.218368823845,-0.372266254055,-0.902071445543,-0.72547456258,0.598744236618,-0.339399466952,-0.279122796374,0.709719697293,-0.646829510628
2,-0.38849362409,-0.254082761799,-0.885728318503,-0.222485813546,-0.384359924913,-0.895972940937,-0.714452865135,0.607620936872,-0.346920596932,-0.267839108155,0.703944830255,-0.657817518846
2,-0.404859154537,-0.268305981896,-0.874128689077,-0.240377599139,-0.405203564653,-0.882059340988,-0.710940995981,0.611971041744,-0.346488591876,-0.265038384476,0.694236171966,-0.669171721076
2,-0.404736287885,-0.290081914599,-0.867202986671,-0.248717486475,-0.42371993271,-0.87097705512,-0.702643930283,0.626936493725,-0.33651469518,-0.267020368897,0.708147992792,-0.653625690207
2,-0.360503238082,-0.311254079807,-0.879294213069,-0.194310130113,-0.417597033626,-0.887612691911,-0.642679659591,0.696355112388,-0.319456433022,-0.191618594872,0.739114952554,-0.645748713518
2,-0.353256706933,-0.305158967808,-0.88435722611,-0.184437248072,-0.408596100746,-0.893885970345,-0.6296647061,0.717652728084,-0.297484318521,-0.187604312056,0.741946317028,-0.643677158788
2,-0.336669338333,-0.29233453772,-0.895094561866,-0.175443921675,-0.391129943505,-0.903458243441,-0.60498798926,0.739971141813,-0.293993609002,-0.170340398895,0.740841861037,-0.649721082803
2,-0.302443465727,-0.27586136507,-0.912375173545,-0.141955283779,-0.390739849427,-0.909489454297,-0.571381585179,0.754544988895,-0.322776925836,-0.125077458072,0.735216922384,-0.666191944204
2,-0.288374451662,-0.271237204867,-0.918297639289,-0.128784632948,-0.395757050144,-0.909280416361,-0.544427146382,0.751366757067,-0.372890169698,-0.073599603558,0.726218997103,-0.68351230172
2,-0.350943650042,-0.265817549013,-0.897875038706,-0.1715922466,-0.387222331845,-0.90587800869,-0.571095087115,0.726567889396,-0.38203338018,-0.106996042266,0.706748923299,-0.699326680712
2,-0.363747010723,-0.251249104902,-0.896973800886,-0.177629902028,-0.383628377592,-0.906243281802,-0.547234430835,0.745730187563,-0.380027584611,-0.0832895492869,0.715430458555,-0.693701744232
2,-0.428041757956,-0.271932803879,-0.861877487593,-0.25590191773,-0.387878474225,-0.885474165481,-0.600911034426,0.727741246537,-0.330603398038,-0.162265359355,0.714241478871,-0.680829687229
2,-0.44054247706,-0.282705862901,-0.852056172437,-0.275598972295,-0.389037463768,-0.879030749323,-0.613617542871,0.725334856579,-0.312030217947,-0.178711792299,0.717070770134,-0.673699937593
2,-0.420939769189,-0.283980206347,-0.861489961125,-0.264277941179,-0.385233515774,-0.884167579213,-0.620007925665,0.715640770837,-0.321634045506,-0.188854958868,0.710947515201,-0.677412308082
2,-0.387666133036,-0.285945436622,-0.876327665073,-0.232383354089,-0.384712301293,-0.893305335244,-0.631967440358,0.701003701366,-0.33047082322,-0.196476755198,0.712961851581,-0.673113870647
2,-0.316633414689,-0.291266437549,-0.902722074096,-0.151335232407,-0.403167948267,-0.902526040024,-0.598050423908,0.721303601505,-0.349366290474,-0.153058467207,0.717598106951,-0.679430690002
2,-0.276507210035,-0.281003809697,-0.919010675528,-0.115776004446,-0.401758143591,-0.908397661189,-0.588967234992,0.723229024831,-0.360634681842,-0.152569727061,0.699196333211,-0.698460425513
2,-0.259096050687,-0.306141878002,-0.916049336582,-0.0905226552401,-0.393606500786,-0.914811221743,-0.592250814199,0.721957853929,-0.357792999137,-0.154523356644,0.711888213176,-0.685082260894
2,-0.29756045867,-0.311879889596,-0.90232405925,-0.133354777134,-0.378534281918,-0.91593029256,-0.628308930795,0.697931472475,-0.343685244392,-0.204835813922,0.693411347777,-0.690813283101
2,-0.304296750962,-0.322995209313,-0.896145960274,-0.139003077363,-0.384309813961,-0.912679632388,-0.633797880993,0.705914020293,-0.316205063214,-0.220600743286,0.704479546905,-0.674569403438
2,-0.329178709405,-0.314851219096,-0.890230356205,-0.174446709877,-0.386151159829,-0.905790056898,-0.675700774591,0.673820495007,-0.298988969236,-0.282794316744,0.690818211684,-0.665430366622
2,-0.359808537149,-0.302568213201,-0.882604267469,-0.199989309248,-0.391672944959,-0.898107220978,-0.712541939611,0.632138254512,-0.304442460045,-0.332543946783,0.66839661194,-0.665327357475
2,-0.376389356187,-0.308594187772,-0.873556340382,-0.203366955241,-0.391029261916,-0.897629098147,-0.735645186634,0.601699197689,-0.311101647187,-0.351519638174,0.644459073773,-0.679048191375
2,-0.400494176671,-0.323259439919,-0.857384248138,-0.227972643153,-0.413020053619,-0.881727230657,-0.750749655126,0.583615323395,-0.309464229965,-0.358910605666,0.639079203582,-0.680265351675
2,-0.411037501219,-0.345487350566,-0.843615234091,-0.223088091144,-0.435983792866,-0.871865721282,-0.748247533571,0.58401211587,-0.314730800879,-0.337944929279,0.647865554455,-0.682688397533
2,-0.419251199573,-0.351536356185,-0.837048757204,-0.250084942925,-0.437332868349,-0.86382723017,-0.752872419126,0.565193510629,-0.337252748043,-0.351652828641,0.616009967517,-0.704891486705
2,-0.408090425384,-0.344687334432,-0.845371424991,-0.245426594952,-0.423722022338,-0.871909074546,-0.759206737859,0.547037846125,-0.352639651908,-0.344494849018,0.61480873267,-0.709460020884
2,-0.407578504888,-0.32675635075,-0.852707481847,-0.247012822665,-0.411991403696,-0.877067699051,-0.751445867932,0.550734739191,-0.363346053531,-0.344980159092,0.610594881644,-0.712855230985
2,-0.410307530169,-0.32186988208,-0.853257000965,-0.246178628068,-0.417616300857,-0.874638615853,-0.757721173087,0.536135648276,-0.372044608217,-0.347635838452,0.601933270759,-0.718905877969
2,-0.415759666283,-0.328689901299,-0.848001679643,-0.239158561133,-0.427474557108,-0.871819181747,-0.761474600329,0.536651004721,-0.363541101096,-0.347935242539,0.601442541381,-0.719171701624
2,-0.422191376848,-0.334447327912,-0.842555295614,-0.24172428217,-0.420578439824,-0.874461632872,-0.754548143328,0.546948265568,-0.362635759672,-0.345509329469,0.610212649013,-0.712926241792
2,-0.421546079724,-0.341996432112,-0.83984364205,-0.239573458841,-0.415459869558,-0.877495102326,-0.748825985789,0.557041736138,-0.359115785238,-0.343741696559,0.614842534272,-0.709795959481
2,-0.409788262795,-0.319637090494,-0.854345193734,-0.240354123944,-0.405801988256,-0.881790588196,-0.739404433704,0.56434346992,-0.367147833138,-0.324441024368,0.623959996274,-0.710923304413
2,-0.404306087581,-0.311815739846,-0.85982994361,-0.250539950794,-0.408605061468,-0.877651204522,-0.73839468025,0.559733252546,-0.376127614212,-0.32125126878,0.616383434863,-0.718936077502
2,-0.403722838781,-0.302099645153,-0.863564516319,-0.25466343031,-0.413554899877,-0.874138937498,-0.729691900004,0.565927814481,-0.383764823643,-0.303970742523,0.61751543115,-0.725449157406
2,-0.383686909564,-0.307635995834,-0.870714907129,-0.221661837962,-0.434587404772,-0.872926009009,-0.720791219924,0.576748085169,-0.384475829583,-0.278358130991,0.628248994742,-0.726512182635
2,-0.386890225614,-0.318341807347,-0.865433097946,-0.219823365709,-0.438725401481,-0.871319522324,-0.745587264382,0.557683536469,-0.364813245843,-0.31078315854,0.63714429925,-0.705309131021
2,-0.378325340132,-0.335951260938,-0.86255822255,-0.228680747289,-0.46003166697,-0.857948705462,-0.803694556103,0.539484344612,-0.251061152729,-0.423326617455,0.641347714464,-0.639896619858
2,-0.375789789365,-0.364439456732,-0.85203633525,-0.224665570655,-0.479858864873,-0.848092477956,-0.877181186758,0.46455392373,-0.121420004714,-0.581344429292,0.644088901359,-0.497180190351
2,-0.403502546872,-0.370295009711,-0.83670024528,-0.233463849384,-0.482259998494,-0.844345856201,-0.913667573162,0.403562314206,-0.048466734002,-0.729149170064,0.567321685923,-0.38273697558
2,-0.390057835388,-0.353031407572,-0.8504256054,-0.188698590659,-0.466237301121,-0.864300654244,-0.919593742268,0.389835714754,-0.0487387390421,-0.76284131748,0.545345428661,-0.347378018567
2,-0.394636601504,-0.322276407337,-0.860464915047,-0.183578863051,-0.442027024515,-0.878015324832,-0.925878814583,0.374683057567,-0.0485904011046,-0.777413998388,0.540940625405,-0.320952823474
2,-0.380672754088,-0.315674294974,-0.86915936041,-0.184019887235,-0.430645317426,-0.883561707908,-0.936786664511,0.348084379218,-0.0356091299968,-0.794936066484,0.523485215846,-0.306659222906
2,-0.370049632786,-0.311649406103,-0.87517879142,-0.185665263941,-0.41765450662,-0.889434158814,-0.935674081855,0.352155399299,-0.0223738081231,-0.794724618748,0.528888177566,-0.297808790981
2,-0.364065811061,-0.313788558309,-0.876922360241,-0.200619592694,-0.407141287836,-0.891059903018,-0.93259472958,0.360095250906,-0.0244638638632,-0.794512296999,0.530498310133,-0.295502542905
2,-0.373080926506,-0.310536620758,-0.874286926269,-0.199446675342,-0.401753295976,-0.8937646854,-0.932196226192,0.361582406774,-0.0163816661153,-0.785410753169,0.546415915768,-0.290791326901
2,-0.385359505157,-0.318404669493,-0.866092673003,-0.206721093818,-0.401799196469,-0.892089566741,-0.926917023303,0.374651720264,-0.0214690571173,-0.788294340638,0.542371750388,-0.290559661515
2,-0.391422497962,-0.319042501258,-0.863134004938,-0.210143344573,-0.400887866624,-0.891699889607,-0.928211993835,0.371486989697,-0.0204917297007,-0.788488630622,0.540469784596,-0.293561052113
2,-0.392238804093,-0.320610813436,-0.862181782962,-0.209793978929,-0.408088734569,-0.888510028713,-0.928975528826,0.36988423131,-0.0137884832857,-0.789543012524,0.541715867772,-0.288384725631
2,-0.394698121101,-0.325179163277,-0.85934388051,-0.209630341008,-0.409164375193,-0.888053846454,-0.928445850808,0.370912092955,-0.0203106232499,-0.791914975599,0.536232583165,-0.292104926652
2,-0.395028393672,-0.327452135005,-0.858328414696,-0.212617403475,-0.411948122789,-0.886054503894,-0.934337751292,0.355159246409,-0.0295783062462,-0.792736008713,0.530189866828,-0.300779529893
2,-0.363079850713,-0.332548454453,-0.87039332916,-0.172679253578,-0.42073934767,-0.890595461871,-0.931582123961,0.361664645046,-0.0367890043426,-0.772854370817,0.552372360448,-0.312379411809
2,-0.344689108948,-0.334164876824,-0.877224745017,-0.148123876782,-0.422549273668,-0.894154029488,-0.931009505665,0.362307509881,-0.0442105037817,-0.772969744399,0.548420186343,-0.318987575708
2,-0.329737897556,-0.335108614191,-0.882595680711,-0.13395235929,-0.409290051305,-0.902517822175,-0.931540894803,0.360010006139,-0.0512284763607,-0.779417893848,0.530921587318,-0.332610906119
2,-0.302834905234,-0.326926532132,-0.895215093014,-0.118972063664,-0.411337480901,-0.903685301902,-0.936849545187,0.345203807874,-0.0561004519871,-0.782272069282,0.527583103197,-0.331219683658
2,-0.29046723384,-0.325324074067,-0.899885010931,-0.110955751768,-0.400437392053,-0.909581616016,-0.946783325647,0.317327342402,-0.0538951949764,-0.79469924591,0.512927358781,-0.324589946184
2,-0.313398459747,-0.316200991511,-0.895431928398,-0.123544967158,-0.381253556287,-0.916178130556,-0.957417652992,0.286962731132,-0.0316832555205,-0.822314195789,0.484168052713,-0.298965984914
2,-0.326274953313,-0.307631944145,-0.893816111839,-0.144947429132,-0.386442817202,-0.910852453376,-0.962979137043,0.269549290533,0.00378966919588,-0.846321057826,0.461690999511,-0.265672896718
2,-0.344713124879,-0.30880763651,-0.886459646667,-0.169161695246,-0.393791162701,-0.903500327083,-0.968026678623,0.250302101982,0.016528981122,-0.857011652624,0.444731039978,-0.260279329466
2,-0.379956632698,-0.328483401905,-0.86471475756,-0.189699142794,-0.406484262395,-0.893747603996,-0.976527630773,0.214232727494,0.0223187098084,-0.86891547093,0.413932313031,-0.271377863147
2,-0.409060406507,-0.345623302133,-0.844520051184,-0.226286542605,-0.429329739855,-0.874339965409,-0.982646841447,0.185030793195,0.0129919422352,-0.880603184278,0.386953091773,-0.273505642733
2,-0.400644120448,-0.347568876339,-0.847750060425,-0.212847686241,-0.438877306187,-0.87297340886,-0.978749620413,0.204985521299,-0.00548785919091,-0.859345721392,0.42369689712,-0.286366671411
2,-0.377863650044,-0.339340550768,-0.861433138775,-0.187002403718,-0.425241482916,-0.885550553165,-0.972683997377,0.230580305095,-0.0268060468566,-0.84190206304,0.434288260289,-0.320303954432
2,-0.355875609364,-0.32308380971,-0.876909004722,-0.18989724741,-0.411473059495,-0.891419629993,-0.969791024241,0.240303253562,-0.0419489645806,-0.833002992949,0.44954847987,-0.322509190543
2,-0.335896782278,-0.305048283675,-0.891133489597,-0.200793224023,-0.410343404843,-0.889550656955,-0.969164130828,0.245288550902,-0.0235460041649,-0.837063341365,0.45148015106,-0.309015591422
2,-0.318042381528,-0.295936978074,-0.900705472705,-0.191884555831,-0.416851980311,-0.888490148367,-0.968743685089,0.247918693128,-0.00848493944556,-0.834872376542,0.461595947676,-0.299862128279
2,-0.32704627388,-0.287483151652,-0.900218957953,-0.18976862942,-0.405188197445,-0.894321190591,-0.967193204864,0.253841635459,-0.0100860582965,-0.828220510768,0.4717227908,-0.302536599741
2,-0.346699141824,-0.27328368862,-0.897282414066,-0.202781650349,-0.392173875792,-0.897262087368,-0.964772488941,0.262958146108,-0.00818889352448,-0.825123139513,0.477715806611,-0.301594782373
2,-0.370279750538,-0.259157862686,-0.892037055592,-0.218102985994,-0.373321288344,-0.901699674598,-0.962416472266,0.271310684642,-0.0120435173861,-0.825295039787,0.479903736627,-0.297624765223
2,-0.368898152021,-0.255599857976,-0.893634637891,-0.212134192658,-0.387543671772,-0.897111468422,-0.956945567924,0.290108086425,-0.00961655975342,-0.817393305588,0.495911431534,-0.293155310463
2,-0.366666891149,-0.247240623945,-0.896898804106,-0.209642893994,-0.380020041678,-0.900907667256,-0.954154432656,0.298340846023,-0.0241258831323,-0.786204206404,0.529434095397,-0.318720072263
2,-0.377561283346,-0.246818302499,-0.892484287184,-0.225996399352,-0.380574713117,-0.896709827768,-0.950550900585,0.309794320065,-0.0219195039324,-0.763740451294,0.55635674622,-0.32736477207
2,-0.388937649743,-0.262972532417,-0.882934285101,-0.236840870676,-0.388718152228,-0.890395754766,-0.945682685882,0.323220332998,-0.0348263400343,-0.722413258809,0.584124258067,-0.370024235199
2,-0.400077082423,-0.285143966164,-0.870994401061,-0.245397165818,-0.405398549723,-0.880586308598,-0.934084715817,0.356035446692,-0.0269166189625,-0.674394071359,0.62632413197,-0.391038001004
2,-0.410681585743,-0.293269875495,-0.86332694575,-0.270424028017,-0.42640306599,-0.863163524707,-0.921252873976,0.387387663647,-0.0349848573715,-0.629424951238,0.653259528475,-0.420804252849
2,-0.399670827976,-0.303993919936,-0.864783745168,-0.260569831448,-0.429256743382,-0.864778590855,-0.89643957057,0.442931231422,-0.0144229174656,-0.579464367812,0.6813224235,-0.447236851872
2,-0.389687450169,-0.318272452814,-0.864202717515,-0.25363316341,-0.438658441387,-0.86211889564,-0.874384515969,0.485230500481,0.00175488950414,-0.57254818289,0.674928185746,-0.46546806803
2,-0.38769472733,-0.31426353303,-0.866562883008,-0.242247742035,-0.450264202529,-0.85940571292,-0.893668062613,0.446966367738,-0.0397298373565,-0.596911786575,0.651778347008,-0.467847523686
2,-0.369676745061,-0.30370974414,-0.878122710944,-0.209117002461,-0.437184600958,-0.874722644023,-0.896076648975,0.434456217009,-0.0910737869208,-0.580816269536,0.641044169852,-0.50171190273
2,-0.366121942488,-0.3119929887,-0.876706962577,-0.212811387186,-0.442192721064,-0.871307586861,-0.90770146831,0.407917271298,-0.0983948382977,-0.599994823485,0.623770612164,-0.500915596873
2,-0.360309224751,-0.327363959045,-0.873504493908,-0.227572168074,-0.450452646443,-0.863309516703,-0.915126017117,0.389975692118,-0.102290431381,-0.606507226353,0.613919424041,-0.505224628424
2,-0.386568237486,-0.309174239315,-0.868893714738,-0.253880468312,-0.444807831311,-0.858889225113,-0.914631713395,0.39146158696,-0.101027990114,-0.617355223628,0.601836706719,-0.506621265152
2,-0.390120278856,-0.304015875423,-0.869126294342,-0.238972130775,-0.433715127387,-0.868782774339,-0.912829002606,0.400984506227,-0.0771662994314,-0.612908529601,0.625269254734,-0.4830957394
2,-0.400876532228,-0.315738317468,-0.860004256263,-0.243544771866,-0.421655329653,-0.873437305748,-0.9149624988,0.396095322417,-0.0771499925372,-0.620263534737,0.627551662121,-0.470586930168
2,-0.387955275045,-0.30534074578,-0.869630803003,-0.217965253424,-0.408032352287,-0.886566832104,-0.917181928887,0.391201727155,-0.0757530064985,-0.610756297729,0.630572751525,-0.478909960033
2,-0.393907037994,-0.298107947032,-0.869464718856,-0.230123852716,-0.404455315749,-0.885132142662,-0.921903770285,0.380670105434,-0.0719979802751,-0.620335236495,0.617792428811,-0.483235666385
2,-0.376338993369,-0.303806236034,-0.875254667521,-0.216026799913,-0.403994091354,-0.888887617121,-0.920235766811,0.385171587111,-0.0693468237529,-0.623842162173,0.624327030269,-0.470145420026
2,-0.374223457255,-0.308678313417,-0.874456690103,-0.202920687834,-0.406250533465,-0.890945395918,-0.922626258507,0.379032983362,-0.0713777601014,-0.639845426151,0.612842154869,-0.463704996576
2,-0.369982063652,-0.313726360025,-0.874465004218,-0.196330621679,-0.41451819812,-0.888610685519,-0.921876762965,0.38128443293,-0.0690319861376,-0.63341489849,0.61783944624,-0.465896968268
2,-0.362211469142,-0.321767303436,-0.874796350051,-0.189402572883,-0.441351170128,-0.877117899721,-0.911889276851,0.405068275629,-0.0661637275483,-0.619115006815,0.624294366399,-0.476396003782
2,-0.369151706723,-0.333876214963,-0.867325596593,-0.195231114753,-0.45392684275,-0.869387849733,-0.915126888217,0.398232941369,-0.0628752961911,-0.630512379054,0.615838314908,-0.472437625249
2,-0.364659777259,-0.329622043626,-0.870845884876,-0.177195785856,-0.453125851889,-0.873658180197,-0.921629242262,0.379135389337,-0.0828003403404,-0.631313348745,0.603945080455,-0.486511865724
2,-0.353609625665,-0.331478331667,-0.874689858334,-0.16779641638,-0.445076408164,-0.87963137367,-0.928368629384,0.355238315325,-0.109258534224,-0.62676512526,0.607005778429,-0.48857902402
2,-0.327540283933,-0.324247627136,-0.887457513742,-0.132511409398,-0.451227231619,-0.882516125532,-0.920008134165,0.374285129817,-0.116170885633,-0.611501493174,0.618046242929,-0.494049355274
2,-0.316053199002,-0.324129521389,-0.891656003605,-0.120810619306,-0.456569484679,-0.881447162298,-0.908859470588,0.395865121737,-0.131397367226,-0.583047052307,0.63470117954,-0.507159292024
2,-0.334013268197,-0.31491182853,-0.888406256687,-0.132087451083,-0.449886644878,-0.883263783944,-0.866988846526,0.478310369031,-0.139819636952,-0.506110315037,0.682004705804,-0.52794121858
2,-0.350383754281,-0.30220751639,-0.886511050001,-0.168203704162,-0.434663242627,-0.884745940604,-0.795330750879,0.586132265433,-0.154589663705,-0.410156758011,0.729763040979,-0.547007621408
2,-0.374009781289,-0.293028895498,-0.879915194722,-0.200646938464,-0.424720364692,-0.88280995571,-0.732254093101,0.656488142713,-0.181182950673,-0.338243577118,0.75585362294,-0.56060376669
2,-0.375723688375,-0.283470472825,-0.882312983601,-0.203932248049,-0.404285126375,-0.891608195789,-0.683443272318,0.696894696632,-0.217354722354,-0.27501191949,0.770494731644,-0.575070702303
2,-0.383240848025,-0.282862063947,-0.879269870509,-0.235162732555,-0.392950102801,-0.888981836668,-0.70017093096,0.68362083928,-0.205968967421,-0.298420195638,0.763270365078,-0.573030310393
2,-0.39040068373,-0.276219102908,-0.878231355243,-0.255591033522,-0.40320724358,-0.878690583941,-0.709362407563,0.680856341601,-0.182317351994,-0.322053299911,0.760771553902,-0.563478761614
2,-0.396992806693,-0.294973639743,-0.869130176263,-0.243519283348,-0.409749720984,-0.879092443825,-0.727196475004,0.660681328215,-0.186240353547,-0.34823830936,0.735423374096,-0.581276647326
2,-0.401044726239,-0.299517187021,-0.865709294298,-0.242012858984,-0.42980026986,-0.869885914425,-0.738755493459,0.650459102074,-0.176474580074,-0.374073786539,0.727718765361,-0.574886250285
2,-0.408102971734,-0.301496711633,-0.861714394296,-0.257369657766,-0.444747999448,-0.857881155084,-0.775273628323,0.610421617613,-0.162284472384,-0.420892349176,0.709652191069,-0.565016281284
2,-0.40406374135,-0.304856639773,-0.862435459679,-0.259565197677,-0.434954609144,-0.862229897498,-0.763245440084,0.626656266528,-0.157347773458,-0.411370199563,0.706205584867,-0.576236263015
2,-0.409854738625,-0.304575770649,-0.859798053708,-0.261217547997,-0.420048896485,-0.869093963378,-0.761110673456,0.628691817417,-0.159552942514,-0.405042976978,0.709334220195,-0.576875333898
2,-0.403735057497,-0.286294905715,-0.868926481533,-0.250413177775,-0.42282017995,-0.870928433239,-0.766754656192,0.620631269496,-0.164024768044,-0.412123473842,0.707790585854,-0.573747966345
2,-0.403680769069,-0.278095040174,-0.871610569758,-0.244851421019,-0.424573008439,-0.871656780006,-0.759335024788,0.625821080239,-0.178208573473,-0.39870357058,0.70527018637,-0.58619913598
2,-0.395634295355,-0.27266179128,-0.877000029598,-0.230055763537,-0.421408107829,-0.87720553596,-0.753462333336,0.632509827065,-0.179515545037,-0.396736210837,0.707707099491,-0.58459476592
2,-0.411111434171,-0.271661233889,-0.870165250223,-0.238875678583,-0.402296099301,-0.883796502974,-0.77774510272,0.608563417657,-0.157363025785,-0.441628980552,0.705329910962,-0.554502984878
2,-0.409348091455,-0.278964059008,-0.868684749379,-0.227345478138,-0.389591182167,-0.89248683147,-0.794646932879,0.588730377197,-0.148097248558,-0.45802740939,0.701872503897,-0.545514326595
2,-0.365738067074,-0.277970075156,-0.888238877561,-0.195379764938,-0.390116789745,-0.899797553793,-0.770637082175,0.621372707944,-0.141472419217,-0.430621668564,0.716520274552,-0.548783814191
2,-0.323671547506,-0.263064226228,-0.908864094469,-0.171462868214,-0.370852318899,-0.912726159585,-0.773161390272,0.619227915671,-0.137033766077,-0.428497373066,0.733946757596,-0.526984020905
2,-0.3012678032,-0.241979911577,-0.922325014921,-0.16836440892,-0.351287374679,-0.921005215077,-0.812216155553,0.569869767949,-0.124713127762,-0.471384711846,0.724016734035,-0.503583381652
2,-0.28137779376,-0.230851515288,-0.931415114258,-0.143008483013,-0.344042653692,-0.927999583096,-0.843294653506,0.532887646874,-0.0698919392894,-0.530681267948,0.697890863924,-0.480963339456
2,-0.27422894388,-0.227682337836,-0.934322877476,-0.137589811837,-0.348974247169,-0.926976816588,-0.886047797433,0.462915439045,-0.0250718359462,-0.59689562359,0.668831691154,-0.44314758653
2,-0.276319371293,-0.246240913404,-0.92898493939,-0.131018928483,-0.375282777814,-0.917603878073,-0.936698528207,0.349369687909,0.0231665367487,-0.682740712404,0.609901131764,-0.402350256741
2,-0.310254536878,-0.282553748366,-0.907692404744,-0.160579469674,-0.41409963751,-0.895955202079,-0.972091877399,0.232861491098,0.0285115390556,-0.766794416074,0.516975336778,-0.380477101336
2,-0.344526267132,-0.298362251143,-0.890102026932,-0.14569706856,-0.39845334013,-0.905542544529,-0.984682187251,0.173810885823,0.0138118094599,-0.786494112855,0.487444488882,-0.379242509094
2,-0.380375839939,-0.296338735813,-0.876069388831,-0.149417101327,-0.400795587496,-0.903901226282,-0.987192552316,0.158953586884,0.0135875630118,-0.796537594032,0.470165557989,-0.380095000461
2,-0.39741666863,-0.295801375106,-0.868655016667,-0.165413635472,-0.406122773811,-0.89872277249,-0.988523036036,0.150650870571,-0.0112482186008,-0.799323646712,0.463012219266,-0.383016178011
2,-0.373559605985,-0.290111083382,-0.881072516922,-0.159778625514,-0.403638991412,-0.900858676731,-0.981147677615,0.192858463935,-0.012443777534,-0.768860289347,0.494303602287,-0.405607943994
2,-0.389985651926,-0.290961047601,-0.873643439894,-0.204638552271,-0.412603918549,-0.887626649736,-0.977502079041,0.206394976755,-0.0434833191162,-0.7569117032,0.511217376366,-0.407113580785
2,-0.383461135294,-0.304373679326,-0.871959988218,-0.229784449107,-0.414507872914,-0.880557965293,-0.972088599223,0.22772564738,-0.0564338974865,-0.743713703591,0.524184958926,-0.414873542091
2,-0.378799759628,-0.313581583046,-0.870733789904,-0.23256406917,-0.41550575354,-0.879357107497,-0.966725913202,0.25208324698,-0.0435321184465,-0.732342671262,0.544251921864,-0.409223725359
2,-0.373807273802,-0.316477125223,-0.871843077201,-0.2124862863,-0.414163782806,-0.885052506435,-0.958902845295,0.281452110081,-0.0359171688311,-0.710476402508,0.564025932633,-0.420830166216
2,-0.372754411501,-0.328995532769,-0.867649749683,-0.211591381962,-0.437411205946,-0.874014029631,-0.954782541262,0.294674964281,-0.0394583872789,-0.704841098928,0.564708739714,-0.429305327888
2,-0.375275803191,-0.325250902589,-0.86797460902,-0.215965715558,-0.438040709028,-0.872627725286,-0.9488752393,0.312203007934,-0.0465302276057,-0.690647340022,0.574210848523,-0.439645485772
2,-0.38526934714,-0.318984003408,-0.865919589641,-0.223223519295,-0.428692559155,-0.875439289819,-0.949446536278,0.31136739294,-0.0400202619113,-0.689973042721,0.574130473594,-0.440807667367
2,-0.391318514478,-0.308453026311,-0.867021655316,-0.226834516828,-0.422297428128,-0.877616649894,-0.94559632692,0.323344845353,-0.0359957983491,-0.681680698265,0.590733562336,-0.431677291437
2,-0.395594555122,-0.299173349572,-0.868331880598,-0.229062626699,-0.420646519439,-0.877830746063,-0.944910984253,0.32503508041,-0.0386707685635,-0.687504667384,0.578444964639,-0.439020221867
2,-0.393609442288,-0.290556546838,-0.872151649675,-0.232694867474,-0.419724236683,-0.87731674086,-0.943254768669,0.329207585733,-0.0435064004439,-0.684179339639,0.585216780407,-0.435224024086
2,-0.380006029076,-0.278369249663,-0.882103156501,-0.21173739416,-0.422067243107,-0.881491076648,-0.931127193628,0.361032910402,-0.0515498486346,-0.654652744715,0.602425653513,-0.456632363972
2,-0.377029033116,-0.286590369153,-0.88074688106,-0.221493544866,-0.419738951776,-0.880204420543,-0.918918319497,0.390735850445,-0.0539871954231,-0.632189750738,0.636891736323,-0.441253935127
2,-0.373107900507,-0.30552534329,-0.876039245232,-0.211034866507,-0.418142302654,-0.883527758392,-0.905330966823,0.418776952262,-0.0707227316008,-0.609365282655,0.658877048598,-0.441083877654
2,-0.354502735011,-0.321811501492,-0.877932325625,-0.198442886882,-0.432205578543,-0.879669687168,-0.886571977959,0.459423289545,-0.0540404378313,-0.578647054036,0.695911360814,-0.425293974499
2,-0.37895874758,-0.333523914103,-0.863221910261,-0.226818714231,-0.434974448038,-0.871407195534,-0.8581072808,0.511645973325,-0.0432468798664,-0.565995766968,0.703288858367,-0.430155289948
2,-0.360193453299,-0.317315450348,-0.87725229049,-0.195842083489,-0.430466295062,-0.881104220368,-0.81812731675,0.572955176937,-0.0488882277081,-0.50744078074,0.73895894277,-0.443219511013
2,-0.358301461207,-0.296189101613,-0.885376800567,-0.210106397477,-0.416684835835,-0.884437137011,-0.795925402901,0.599367783488,-0.0852115786351,-0.474567593149,0.740300693836,-0.476172744116
2,-0.320501194327,-0.269329083226,-0.908152426283,-0.163784099853,-0.387161047484,-0.907348385102,-0.775483247433,0.624926589275,-0.0899582734826,-0.436779199585,0.756300175947,-0.48706670454
2,-0.32370949483,-0.264478677354,-0.908439977204,-0.169509636716,-0.386255464716,-0.90668252384,-0.782273507376,0.61385794256,-0.105955585094,-0.446906512227,0.74455890812,-0.495889707162
2,-0.311813580226,-0.293607410291,-0.903640957355,-0.148965108297,-0.410854198688,-0.899448844533,-0.780006946459,0.616236519689,-0.108819645646,-0.431418762581,0.742349279329,-0.512635736926
2,-0.348863550702,-0.325491930429,-0.878834015168,-0.18315877829,-0.437605833053,-0.880314714641,-0.781142185094,0.615371788513,-0.10551989655,-0.427788429892,0.740214089805,-0.51872937116
2,-0.396427020842,-0.322713432882,-0.859477549087,-0.224389246551,-0.431840294004,-0.873592254148,-0.769020375875,0.631608404211,-0.0983792926316,-0.42495669919,0.742267744936,-0.518121992046
2,-0.436292867266,-0.309549601503,-0.84488317428,-0.26121516251,-0.420775995715,-0.868742885038,-0.780500849899,0.618597416192,-0.0903086927592,-0.446879105965,0.742822505494,-0.498511574573
2,-0.449232190321,-0.276748469444,-0.849470849317,-0.268493621196,-0.409034152038,-0.8721251274,-0.776103259449,0.625998611039,-0.0760885645098,-0.4516449787,0.750470128769,-0.482505335764
2,-0.437491160991,-0.270371927781,-0.85761326058,-0.269145411858,-0.401815489454,-0.875274276847,-0.784911045332,0.615618283846,-0.0702052669681,-0.464815786463,0.745754591378,-0.477280184058
2,-0.418686964931,-0.270984528824,-0.866757526956,-0.252374005984,-0.391593989498,-0.884851122219,-0.790579175588,0.609437774715,-0.0597508650726,-0.469591808851,0.747380771323,-0.470005867746
2,-0.376024594939,-0.282992943556,-0.882338085939,-0.223210876635,-0.391885607301,-0.892525952195,-0.795829825056,0.60191772595,-0.0659540805264,-0.473164864335,0.746578286712,-0.467692070672
2,-0.344551775731,-0.291893514376,-0.892234414325,-0.188453336331,-0.396831393515,-0.898337456164,-0.803514927146,0.590405735045,-0.0760580691312,-0.478960991454,0.733862893333,-0.481706988173
2,-0.315299368786,-0.306921642632,-0.897989651014,-0.156442470312,-0.417244171709,-0.895227934471,-0.815542432119,0.572890256655,-0.0817758842418,-0.481588840397,0.72256647923,-0.495953497717
2,-0.282450645278,-0.30257651275,-0.910312631415,-0.105408000542,-0.425998449754,-0.898562448709,-0.821131159225,0.557146719851,-0.123819028863,-0.46542523745,0.711883495523,-0.525928927848
2,-0.282749357114,-0.312865711879,-0.906734717203,-0.0815865217195,-0.415415613301,-0.905965511319,-0.821681942584,0.555637473036,-0.12690856468,-0.463090828362,0.704065641126,-0.538366471534
2,-0.319199935222,-0.303705397865,-0.897705092256,-0.102610913591,-0.411308911736,-0.90570192643,-0.846649399608,0.514576709533,-0.135630395372,-0.500390918622,0.681278820529,-0.534292145984
2,-0.353352481061,-0.282722381931,-0.891745523613,-0.107112853288,-0.403120199697,-0.908856942129,-0.838750381086,0.518643616108,-0.165851131131,-0.477176797093,0.682504699428,-0.553615064439
2,-0.405695139058,-0.269454704153,-0.873387437827,-0.150348218912,-0.405303126823,-0.901734322546,-0.836562343474,0.518849185368,-0.175951607906,-0.487695999411,0.675506889566,-0.553030789656
2,-0.424366185417,-0.251730544333,-0.869795995463,-0.191162819641,-0.397666192713,-0.89739532847,-0.804682942519,0.553342045698,-0.215169566813,-0.43691415987,0.677901408439,-0.591232354783
2,-0.450317161401,-0.199904996367,-0.870202531929,-0.258602595269,-0.389417524429,-0.884012833271,-0.775841700395,0.587738895063,-0.22941806197,-0.419419702054,0.688816192088,-0.591286197239
2,-0.467633732922,-0.170741753291,-0.867275011468,-0.301902088197,-0.369460775456,-0.878836654073,-0.786686134998,0.577081630857,-0.219321034854,-0.421785724271,0.704910801394,-0.570260962086
2,-0.466804623337,-0.173727709773,-0.867128667782,-0.33012604467,-0.360376054788,-0.872436756313,-0.784112361324,0.582090418537,-0.215263906556,-0.426426238241,0.699907208139,-0.57296645917
2,-0.458402290781,-0.187308206209,-0.868782467418,-0.313451530406,-0.355999905189,-0.880347775366,-0.770958244455,0.607668945829,-0.190687801345,-0.417072627156,0.717401051155,-0.558019852226
2,-0.473454662118,-0.17211152164,-0.863839283106,-0.308274699166,-0.35113224257,-0.884122648778,-0.773135806252,0.608536092178,-0.17873122169,-0.41076304005,0.723917814403,-0.554271344126
2,-0.49703772818,-0.150330630399,-0.854607628289,-0.305850053745,-0.327872649216,-0.893842978672,-0.779124944901,0.602937764667,-0.171552826185,-0.424219437617,0.723316529498,-0.544840404984
2,-0.496842495317,-0.139833730671,-0.856501058151,-0.326580689768,-0.32452680767,-0.887709076316,-0.772991163221,0.610225780657,-0.173519907226,-0.408026474241,0.718506746656,-0.563260553677
2,-0.506582455608,-0.144909454103,-0.84992674142,-0.33312687126,-0.32718209561,-0.884295405369,-0.791198509319,0.583945784783,-0.181692705648,-0.426345078302,0.706843775288,-0.564448183223
2,-0.498562269072,-0.175103189178,-0.84898441505,-0.330103008458,-0.353978873338,-0.875060547069,-0.781157147339,0.596198502823,-0.185312860841,-0.422036763774,0.69696634541,-0.579761057151
2,-0.489381531539,-0.191577984983,-0.850766473398,-0.320224189744,-0.375671981771,-0.869670644793,-0.786081979509,0.586600155748,-0.194872724534,-0.415947152563,0.692548857315,-0.589375980598
2,-0.491431050082,-0.201625680621,-0.847255928235,-0.349623220765,-0.373964339202,-0.859019369111,-0.793327441187,0.579699423883,-0.185957384926,-0.42991016499,0.689287501536,-0.583146628443
2,-0.491320244548,-0.208907018029,-0.845554418778,-0.360697247527,-0.37668857255,-0.853231044288,-0.788313571434,0.58097962419,-0.202544783615,-0.423823155016,0.689714301251,-0.587084419757
2,-0.485236896504,-0.22437608296,-0.845103856142,-0.347408202098,-0.394449525108,-0.850715647709,-0.783543210775,0.587543130746,-0.202121513852,-0.422871940239,0.698968082491,-0.576734723957
2,-0.469492179862,-0.23157942332,-0.852025858612,-0.343464151412,-0.390460225704,-0.854150565672,-0.771466003985,0.605199230725,-0.196402891591,-0.398078224312,0.712667353451,-0.577614898227
2,-0.450337641723,-0.236325329622,-0.861014719402,-0.325077703605,-0.397920629479,-0.857894899888,-0.780487894388,0.590907030433,-0.204126255289,-0.38178468901,0.713468636288,-0.587539748674
2,-0.445184666987,-0.247623703246,-0.860519095587,-0.297259530539,-0.41419569685,-0.860278266734,-0.801930361575,0.554129227633,-0.223267763609,-0.396123797918,0.711519090219,-0.580367574023
2,-0.4267805687,-0.265226253894,-0.864588561355,-0.265538346788,-0.425192232643,-0.865275072844,-0.824952391897,0.525208462585,-0.208829169258,-0.44075039901,0.696085564577,-0.566748597317
2,-0.380986383798,-0.286692664196,-0.879008925812,-0.231598590459,-0.41832967437,-0.87827238169,-0.824027079458,0.513269232133,-0.23986260164,-0.43495194889,0.676401771219,-0.594388295685
2,-0.365359066425,-0.289324320073,-0.884762222518,-0.201607109816,-0.418316823681,-0.885644177024,-0.836548769822,0.501883645623,-0.219770248135,-0.457310037985,0.675317754156,-0.578630676754
2,-0.342430939261,-0.298400755712,-0.890897323392,-0.195831449116,-0.412721378248,-0.889556691546,-0.860398578875,0.46746323282,-0.202959137344,-0.496954033528,0.643510384377,-0.582177871238
2,-0.367044836676,-0.325941417663,-0.871229177726,-0.244327441821,-0.418916106613,-0.874536103768,-0.918968257175,0.375678651518,-0.119845288174,-0.618710318282,0.591636664758,-0.516878708176
2,-0.421819940082,-0.315709974021,-0.849938321558,-0.284480921453,-0.404258676448,-0.869278740017,-0.959094490239,0.27963493287,-0.0440688451322,-0.736251932317,0.504032505259,-0.451535519978
2,-0.460272310219,-0.314700416114,-0.830128332575,-0.296231068241,-0.428414307488,-0.853644150304,-0.978542046929,0.203978997642,-0.0291209703313,-0.82866970522,0.421818501063,-0.367934330841
2,-0.490924203563,-0.301723066648,-0.81728612946,-0.314519067748,-0.427887954713,-0.847342701765,-0.982365324168,0.181397281833,-0.0453144128856,-0.867355571897,0.373106177226,-0.32937227026
2,-0.48630594387,-0.309877613521,-0.816995956903,-0.305626410108,-0.43969602137,-0.844547160457,-0.979978414084,0.190471289967,-0.0579913409692,-0.850369060227,0.39176607145,-0.351271699214
2,-0.476964192051,-0.308375388707,-0.823049074564,-0.296054854031,-0.43044283442,-0.852684284892,-0.976508476982,0.206305790946,-0.0622022106012,-0.840482709843,0.412105233684,-0.351792681597
2,-0.460052584852,-0.306677106821,-0.833247125001,-0.311166297558,-0.427915840548,-0.848565594797,-0.980097220373,0.194670622778,-0.0388945657577,-0.860118847064,0.396040759517,-0.32147672657
2,-0.454872431933,-0.318964792914,-0.831476116042,-0.315469934897,-0.446666715677,-0.837238057712,-0.983804900922,0.177995012768,-0.0211114270257,-0.874594286251,0.372055196937,-0.310901535683
2,-0.454444361772,-0.317652884674,-0.832212092505,-0.322349699569,-0.455132612421,-0.830027093713,-0.986553977785,0.163036672082,-0.0114145728568,-0.879327587917,0.357625918222,-0.314462550623
2,-0.459700864759,-0.316464864158,-0.82977412872,-0.334226180114,-0.453609441454,-0.826154546771,-0.988968003658,0.148045331636,-0.0049867344968,-0.888142292371,0.349779151453,-0.298090277786
2,-0.459614307116,-0.308895718902,-0.832669276207,-0.329501188716,-0.452355289474,-0.828736181616,-0.989162153062,0.146651232464,-0.0071868607057,-0.886055078164,0.35014583722,-0.303816212762
2,-0.462463679467,-0.306968192746,-0.831803987617,-0.335864852724,-0.4506940957,-0.82708502151,-0.989079020227,0.147231458973,-0.00675198006427,-0.889600636526,0.353251127683,-0.289524348341
2,-0.45196884499,-0.300857132653,-0.839767318303,-0.291409706577,-0.444043038102,-0.847293433956,-0.990753270259,0.132819068695,-0.0276957119927,-0.882321658559,0.357296961412,-0.306345184724
2,-0.444112648746,-0.305021046864,-0.842452441503,-0.284171356583,-0.427700316614,-0.858090367774,-0.990956537974,0.128756495408,-0.0377743926121,-0.878336849768,0.358381932615,-0.316364929654
2,-0.450794500099,-0.30156407017,-0.840144886471,-0.298880330739,-0.419760514248,-0.857013219604,-0.990180346016,0.134819610376,-0.0369669449966,-0.881727860694,0.351255732863,-0.314921243817
2,-0.435623327175,-0.297943777677,-0.849389087618,-0.279122233131,-0.412124184991,-0.867320260987,-0.989127773864,0.140406148992,-0.0437305419129,-0.875768143036,0.357969610333,-0.323864042032
2,-0.421204742122,-0.301219619305,-0.855484252432,-0.268470919779,-0.412020408644,-0.870725300019,-0.987047328025,0.155673041653,-0.0387746868705,-0.869522687259,0.376562106175,-0.319579843755
2,-0.423760498932,-0.307627767784,-0.851934384817,-0.284141135949,-0.426187306104,-0.858852836624,-0.976613183582,0.211234338068,-0.0400842122997,-0.849276019844,0.417636161488,-0.322971018412
2,-0.427765701995,-0.312373043908,-0.84819784581,-0.300349285991,-0.445483023349,-0.843406890126,-0.952743928918,0.302235432889,-0.0305409399999,-0.818131599926,0.48891071488,-0.302699517802
2,-0.40619416946,-0.326961887446,-0.85328906055,-0.24964901012,-0.451998560261,-0.856371807843,-0.919585429835,0.392143464682,-0.0242103354491,-0.785977587759,0.54467918208,-0.29251294014
2,-0.393613088704,-0.340268373768,-0.853982535076,-0.244151457714,-0.453440627201,-0.857194063967,-0.892130963265,0.45126458077,-0.0215086616393,-0.760568329211,0.57526885465,-0.301000932676
2,-0.39210027097,-0.331655310102,-0.858057185033,-0.248416686534,-0.440442119321,-0.862728166562,-0.88341059135,0.468345645785,-0.0154299437699,-0.747527566172,0.58608305644,-0.312584690549
2,-0.395936599553,-0.319394325889,-0.860942201152,-0.249393474124,-0.430529139468,-0.867437349399,-0.87681596483,0.479528418729,-0.0353024000782,-0.742701522969,0.573526121659,-0.345633093835
2,-0.415639815996,-0.31039355212,-0.854926538459,-0.262841497394,-0.423981560971,-0.866691400214,-0.88790748222,0.458769300127,-0.033926866614,-0.745185307994,0.581050915148,-0.327228804898
2,-0.4442156812,-0.299971415645,-0.844209439874,-0.260954896263,-0.431459331508,-0.863565508442,-0.890289527712,0.454414615673,-0.0298649277323,-0.75133802717,0.575691162911,-0.322600145496
2,-0.48167744439,-0.293559569661,-0.825717638559,-0.284140669693,-0.423667049041,-0.860099012546,-0.887492117383,0.460762089829,-0.00748586400229,-0.759607814293,0.576490659089,-0.301088838131
2,-0.492432054842,-0.290054375122,-0.820596813811,-0.303250220621,-0.417759388289,-0.856455718172,-0.881986725256,0.470924675121,0.0181484664613,-0.755248207191,0.58686196032,-0.291878716359
2,-0.48623511817,-0.293027437389,-0.823231638602,-0.317293306098,-0.405061246874,-0.857467401239,-0.879946470158,0.474597788368,0.0212402667804,-0.753047683595,0.588768456606,-0.293719067712
2,-0.483742208532,-0.309310241567,-0.818731122009,-0.332526672625,-0.423079222885,-0.842870086761,-0.881147770819,0.471859223625,0.0304545408986,-0.760005865929,0.580592379449,-0.292067753577
2,-0.45918541882,-0.31201186975,-0.8317435568,-0.306529374479,-0.431705768286,-0.848333585455,-0.887369581793,0.460423954117,0.0241869341361,-0.755950575993,0.590187018814,-0.283227840225
2,-0.441277302519,-0.303630686303,-0.844442270742,-0.293765693502,-0.42153873458,-0.857908394043,-0.881065139488,0.472470972283,0.0222575903646,-0.745892253132,0.599409481215,-0.2904359147
2,-0.424896510618,-0.301855887073,-0.853431882873,-0.263930228367,-0.418332988666,-0.869102033796,-0.876328987487,0.481352474342,0.0186360171383,-0.732221493469,0.610856214699,-0.301174981474
2,-0.411330933212,-0.305202307371,-0.858870429668,-0.235907684365,-0.424918237926,-0.873951975531,-0.879585738666,0.475528957915,0.0141823312606,-0.729562670372,0.615455912415,-0.298248771787
2,-0.411747233861,-0.306746169471,-0.858120622595,-0.248945907844,-0.427478126277,-0.869073291802,-0.886964601281,0.461777251557,0.00745426183681,-0.739834801323,0.603652491628,-0.297065878388
2,-0.410274282272,-0.306724131721,-0.858833697712,-0.242546267733,-0.429342794963,-0.869963259237,-0.894803241704,0.446340283134,0.0103687168095,-0.749432916189,0.596308042973,-0.287692582487
2,-0.413849075462,-0.298108416705,-0.8601513324,-0.23141410047,-0.403459172852,-0.885250365685,-0.899934345151,0.434334303193,0.0383651858893,-0.764878290759,0.588183312293,-0.262681540015
2,-0.411766109801,-0.288826237076,-0.86430785927,-0.24044824389,-0.380282952963,-0.893067476564,-0.926571537373,0.367015433848,0.082248753476,-0.807762251629,0.558245159691,-0.189426731284
2,-0.387685752162,-0.286343337898,-0.87618904947,-0.217317537713,-0.381045305373,-0.898653193983,-0.947954328067,0.289153705507,0.133314389662,-0.845648271333,0.51611767622,-0.136020386286
2,-0.37818077113,-0.276453861677,-0.883488860548,-0.208133414958,-0.382240469566,-0.900318113226,-0.976848395252,0.160619854978,0.141309854151,-0.892131053852,0.436347637542,-0.117059480455
2,-0.367276672095,-0.250831671345,-0.895651337734,-0.183931010684,-0.37310872524,-0.90937300513,-0.993332764094,0.055835275263,0.10085852375,-0.915993159077,0.372593681363,-0.148763171291
2,-0.379467270819,-0.27506525682,-0.883370644106,-0.221871889979,-0.352729340617,-0.909040635343,-0.998488396909,-0.0201418868301,0.0511392768084,-0.937638970392,0.291088334629,-0.190001954321
2,-0.406398444816,-0.285380800933,-0.867985081963,-0.277913820432,-0.363150727731,-0.889317410918,-0.998224886051,-0.0483963667541,0.0347112165442,-0.951646307689,0.238109399459,-0.194095901427
2,-0.425034897823,-0.288392566527,-0.858006447065,-0.294785098214,-0.37630095121,-0.878350351505,-0.996217135807,-0.075345966443,0.0432943837649,-0.957717567056,0.213979102328,-0.192327859448
2,-0.349347097574,-0.316218442975,-0.882021826113,-0.169931251432,-0.421352737605,-0.890834013888,-0.991685782696,-0.0884214949246,0.09349303522,-0.957154291726,0.245806926665,-0.153083691601
2,-0.330583662996,-0.329087362999,-0.884542791093,-0.121774891055,-0.433630693176,-0.892824337619,-0.986310846158,-0.0640964962108,0.151929437324,-0.952377182054,0.28987816106,-0.0945957443188
2,-0.352745245793,-0.315365383635,-0.880974157609,-0.148742946061,-0.401647366977,-0.903634289189,-0.988041598965,-0.0311728095201,0.151003492216,-0.938339112744,0.33411193554,-0.0888196150917
2,-0.367122174439,-0.301922844158,-0.879809016327,-0.177910621573,-0.377265306016,-0.908855708904,-0.989775895588,-0.00754527503841,0.142431546147,-0.930726989419,0.34722929723,-0.114800201705
2,-0.363670818975,-0.314266356461,-0.876915157026,-0.172078352509,-0.387912684019,-0.905490358963,-0.991350564421,-0.0253342570025,0.128772022754,-0.941264913182,0.311593264517,-0.130115336223
2,-0.369087052836,-0.293989885095,-0.881671534581,-0.175583892466,-0.386382807031,-0.905471492173,-0.991088476083,-0.0131359734114,0.132555945841,-0.933725296647,0.33358554263,-0.129914418559
2,-0.375681701057,-0.302609684883,-0.875951276102,-0.189418884676,-0.386721854718,-0.902533485922,-0.991347639869,-0.0107320351328,0.130823087976,-0.938004859198,0.321578635554,-0.129360215202
2,-0.373897896831,-0.302136360955,-0.876877404278,-0.188868342856,-0.376940812818,-0.906776914516,-0.991862417177,-0.00251453565292,0.127289522359,-0.933808244582,0.332528015985,-0.132012427203
2,-0.354291888854,-0.307382609743,-0.883172230496,-0.174785431872,-0.376815077853,-0.909648530977,-0.991334073144,-0.0101795900766,0.130969963615,-0.935249791705,0.32973893752,-0.12876358258
2,-0.352534212286,-0.325451373222,-0.877383059351,-0.169380202183,-0.392039203349,-0.904220996298,-0.990585138314,-0.012556279856,0.136321031345,-0.935524802097,0.328089064662,-0.130961484072
2,-0.357426141169,-0.3126063298,-0.880070358652,-0.179567089125,-0.388164253852,-0.903927083638,-0.989275823037,0.0099971846551,0.145716856447,-0.923742400225,0.363064374759,-0.122000974616
2,-0.35891979756,-0.308038467557,-0.881072574437,-0.187214566586,-0.395437504402,-0.899210701766,-0.988937598615,0.0200421789569,0.146971892236,-0.919879708854,0.375660202403,-0.112697531333
2,-0.353617588261,-0.312010948536,-0.881818444617,-0.170146897011,-0.414779047876,-0.893872683821,-0.989712194867,0.013246518368,0.142458067805,-0.920288115954,0.372054531627,-0.121017391848
2,-0.352624575103,-0.324614931226,-0.877656570339,-0.160806771226,-0.433206397032,-0.886833355202,-0.990385887316,-0.0110315011032,0.137891624795,-0.927957417924,0.351103611282,-0.124985137774
2,-0.352428351156,-0.324081224385,-0.877932581297,-0.160224495348,-0.429353137424,-0.888810437875,-0.991278815437,-0.0114730286556,0.131280918948,-0.930901378839,0.339912410983,-0.133724252606
2,-0.355801779349,-0.326425840487,-0.875700442203,-0.162244182131,-0.434913871038,-0.885735146725,-0.99091846292,-0.022415822988,0.13258254306,-0.939412161751,0.320656158002,-0.121179283256
2,-0.358648036993,-0.322365934055,-0.876043258134,-0.16627732428,-0.43161194152,-0.886601930613,-0.989935735892,-0.00978562023513,0.141178895168,-0.932360995552,0.340810711227,-0.120627663023
2,-0.367141365982,-0.313351715157,-0.875795592586,-0.169586845056,-0.414305014825,-0.894198891005,-0.989426286233,0.0182995693601,0.143877551664,-0.920360571693,0.371298621837,-0.122775207163
