1,-0.423310944156,-0.489189745562,-0.762562284273,-0.0504503944976,-0.599370574381,-0.798880261529,-0.506803326498,0.803471654141,0.312383881215,-0.505611297326,0.775762338913,-0.377557955208
1,-0.351617162882,-0.352784120645,-0.867126712187,-0.0411500127929,-0.552084303486,-0.832772236744,-0.702117607433,0.638972888861,0.314236396099,-0.653427283329,0.694982347102,-0.300053866194
1,-0.316289764489,-0.296260357093,-0.901216170347,-0.00841005434649,-0.506468973414,-0.862217170993,-0.774091458387,0.552669954058,0.3087690657,-0.76650430019,0.60357262279,-0.219479490636
1,-0.278202792998,-0.30514464043,-0.910763391,0.00794655932826,-0.48639116343,-0.873705035084,-0.78461858297,0.524279921915,0.330914252843,-0.8009108549,0.571498834735,-0.178692149798
1,-0.234624652877,-0.313358833137,-0.92019428055,0.0444385234062,-0.482438451817,-0.874801896343,-0.799816706931,0.497673605397,0.335580419283,-0.813013923002,0.560293792569,-0.158364222643
1,-0.207222915933,-0.335755191644,-0.918872741132,0.0382659470776,-0.50950340261,-0.859617356749,-0.824375587919,0.465710008651,0.321743807843,-0.819404477321,0.55253376679,-0.152586824801
1,-0.19469054136,-0.342892654049,-0.918977813064,0.0335037488041,-0.520009046635,-0.853503421337,-0.828349104442,0.459037188548,0.321127109879,-0.836426795648,0.528600408481,-0.144816517275
1,-0.230707735166,-0.307494327807,-0.92315826341,0.00430582412873,-0.468961773501,-0.883207968076,-0.820516379459,0.470463349514,0.324680008323,-0.833955416913,0.53156305554,-0.148185966228
1,-0.227667067452,-0.30889618568,-0.923445100085,-0.00709861139946,-0.486032821438,-0.873911726779,-0.807029348209,0.48290175429,0.339866925182,-0.809937076235,0.569106925507,-0.141842306385
1,-0.241202238563,-0.279653631453,-0.929309058671,0.00372637676798,-0.478141295051,-0.878275023033,-0.757453550386,0.524722673071,0.388497407163,-0.749155063545,0.649891790432,-0.128091184294
1,-0.231282382374,-0.264464586463,-0.936251537841,0.02349541187,-0.465714059989,-0.884623298331,-0.625176718597,0.598538605682,0.500904789389,-0.645741919003,0.759989578676,-0.0737103408334
1,-0.224963766847,-0.236481928076,-0.945234151573,0.0557954281294,-0.460830134933,-0.885732723194,-0.40258301869,0.734250056309,0.54662946122,-0.476422807502,0.87405813747,-0.0950982692533
1,-0.221050815426,-0.22001857828,-0.950120183035,0.063894031424,-0.435805022512,-0.89777031311,-0.118645581918,0.868059692616,0.482074263934,-0.323693548276,0.930724622681,-0.170217988296
1,-0.201388951543,-0.2244244581,-0.953454850951,0.0715423004512,-0.443174927541,-0.893575784612,0.0510423679949,0.917611987205,0.394186399571,-0.210431268459,0.947715142413,-0.239905585795
1,-0.227124249367,-0.218778738961,-0.948973360389,0.0384688413931,-0.434766572648,-0.899721165445,0.0646460078596,0.923934464492,0.377049067088,-0.200151721062,0.93935559682,-0.278478637024
1,-0.219860977618,-0.236334170187,-0.946470977116,0.0426252009189,-0.463202889275,-0.885226623873,0.0262697956054,0.925398998984,0.378082782626,-0.206559497078,0.931430487743,-0.29961712346
1,-0.213526623177,-0.238994552039,-0.947252862382,0.0259032957257,-0.468089081493,-0.883301551599,0.0054133247448,0.926082624647,0.37728194794,-0.218065796976,0.927584316171,-0.30337212229
1,-0.2208327717,-0.243125907506,-0.944522461376,0.0205363149299,-0.453367812445,-0.891086912937,0.0150650893349,0.924120064725,0.381805119211,-0.221597267471,0.929616144191,-0.294463029104
1,-0.217025949802,-0.234955116583,-0.947468115719,0.0284704305512,-0.452332807148,-0.891394674744,0.0255878199891,0.925416465958,0.37808679956,-0.219116187193,0.92932813835,-0.297215927873
1,-0.241053221615,-0.220721162278,-0.945079633085,0.0104691848613,-0.422094595592,-0.906491339474,0.0148011990065,0.926050896775,0.377108288282,-0.223921322655,0.929207308461,-0.293994930505
1,-0.221143341094,-0.234432839701,-0.946645058277,0.03198202212,-0.443586459108,-0.895660763658,0.0364425596935,0.925063395877,0.378060383341,-0.21550665862,0.933221973238,-0.287495441278
1,-0.19249203582,-0.250005406938,-0.948917337099,0.0323398786529,-0.459665113017,-0.887503304852,0.0131401054625,0.924361567175,0.381291267614,-0.214890774517,0.932149036458,-0.291410584671
1,-0.203162716604,-0.251457983117,-0.946305338307,0.0228506520468,-0.462207922549,-0.886477119859,-0.0145879206675,0.923290251344,0.383825877636,-0.23374844236,0.92834224642,-0.289036916684
1,-0.185066159749,-0.252295262314,-0.949788195931,0.0525967921617,-0.468351192906,-0.881975474465,0.00816272677853,0.925710327057,0.378145157673,-0.213456986484,0.932621432632,-0.290952536191
1,-0.191555824153,-0.245666821195,-0.950239011616,0.0383772957711,-0.464870502368,-0.884546550045,-0.0428744917292,0.930042536812,0.364941992211,-0.242411258239,0.92262516997,-0.299999296028
1,-0.201473715863,-0.246749667897,-0.947904501102,0.0291174277603,-0.458038105111,-0.888455553006,-0.0389560454299,0.910154294121,0.412433737002,-0.295952758342,0.921815878666,-0.250334677322
1,-0.231698666964,-0.220441961013,-0.947481434938,0.00579816988258,-0.427919060705,-0.903798461335,-0.0574555343526,0.883522168728,0.464852061347,-0.351785794484,0.914567989058,-0.199529817795
1,-0.25600844794,-0.22639942032,-0.939788793859,-0.0126849891825,-0.435758563712,-0.89997420252,-0.109414114493,0.790738999282,0.602295929394,-0.430687184723,0.89593059104,-0.108705680411
1,-0.267539752506,-0.232234394519,-0.935141522354,-0.0248151175886,-0.444574164554,-0.895398247793,-0.220782977958,0.636702833883,0.738826351702,-0.519834580867,0.853610173748,-0.0334914886063
1,-0.272461456687,-0.24992157555,-0.92914151812,-0.02100569053,-0.46314199032,-0.886035133484,-0.360606132679,0.452181143206,0.815779033074,-0.60016871773,0.799736102711,0.014821480308
1,-0.261124676666,-0.241793710376,-0.934531810512,-0.00864329588554,-0.462267355306,-0.886698475049,-0.361310224912,0.388554017446,0.847632406707,-0.60666887577,0.794118599311,0.0364489423762
1,-0.266706351728,-0.248992803607,-0.931058701533,-0.0147899845538,-0.461349862652,-0.887095012154,-0.356018901294,0.383351849347,0.852227611336,-0.61878385681,0.784011486557,0.0493206599506
1,-0.266166747812,-0.245323840316,-0.93218639538,-0.0183270722234,-0.471203883342,-0.881833895213,-0.355398204401,0.442869558361,0.823139520729,-0.610549122899,0.791730666721,0.0198070669394
1,-0.279424052369,-0.239789904044,-0.92974351349,-0.0256539334904,-0.475328881263,-0.87943409664,-0.337879428608,0.466617863909,0.817377061585,-0.589272675867,0.807782277495,0.0156686196656
1,-0.283674863666,-0.238826424788,-0.928703672086,-0.0380797318976,-0.476327585859,-0.878442920723,-0.329500569285,0.483458631783,0.810985281121,-0.578535626937,0.815496794502,0.0161711633019
1,-0.285829075745,-0.238799405145,-0.928049882044,-0.04425990592,-0.472456700241,-0.880241857177,-0.296885566623,0.535970589351,0.790312904919,-0.535676230815,0.844422587933,0.00121191101525
1,-0.294139936601,-0.236574878127,-0.926020531487,-0.0608529871883,-0.472859273953,-0.879034140968,-0.281975190261,0.614568827215,0.736746325877,-0.481849340206,0.875761115734,-0.0293884588155
1,-0.259933021138,-0.219545158843,-0.940337571168,-0.0263384477562,-0.452899689207,-0.891172350158,-0.121936359582,0.728250795447,0.674375491209,-0.341797537259,0.938356124185,-0.0515967802109
1,-0.246622101591,-0.214537513587,-0.945066767097,-0.0124496004481,-0.435999711302,-0.89986068877,-0.0458245402781,0.832336742724,0.552372752966,-0.250380473416,0.963310831261,-0.0966533026227
1,-0.225531250012,-0.214821255699,-0.950256535557,-0.000690797112115,-0.435126464635,-0.900369081307,0.0381478138044,0.886205388186,0.461719345763,-0.185152083545,0.972082248809,-0.14413468531
1,-0.215061582361,-0.238510893643,-0.947027491368,0.0127683614041,-0.44319782904,-0.896332892,0.0553172967919,0.890967378474,0.450685175229,-0.158965851735,0.974195509981,-0.160227857486
1,-0.221934352675,-0.26869891163,-0.937307867241,0.0226613572677,-0.465560926986,-0.884725655868,0.027277656974,0.889339905409,0.456432319273,-0.171671503819,0.967812160211,-0.184034011324
1,-0.192370184002,-0.304805071168,-0.932784852416,0.0230572318046,-0.485678160187,-0.873833558968,0.00838360225202,0.882468688548,0.470296426677,-0.166495553772,0.966539120912,-0.195144455008
1,-0.200831617289,-0.314883205379,-0.927639600528,-0.0323512701846,-0.477100730392,-0.87825297516,-0.000680339844631,0.878432658832,0.477865672584,-0.176225729999,0.965304773866,-0.192694539721
1,-0.20103422791,-0.331061589483,-0.921945477334,-0.0751446432907,-0.441485309055,-0.89411632603,-0.0184297737202,0.876787155282,0.48052536642,-0.202438767615,0.957540508095,-0.205267437075
1,-0.245051039988,-0.336192938723,-0.909353779205,-0.114615610811,-0.39967090102,-0.909464915561,-0.0297119013673,0.869368710206,0.493269955128,-0.206617842892,0.957379152583,-0.201827216196
1,-0.286296345645,-0.323905753266,-0.901731371014,-0.130375238524,-0.396835202913,-0.908583578384,-0.0509125898331,0.863324962263,0.502073617839,-0.222956856936,0.953761307029,-0.201567877302
1,-0.314895745857,-0.33261806988,-0.888935255702,-0.165903293839,-0.414561515518,-0.894770834876,-0.0893598165266,0.849027513996,0.520737077294,-0.256557681312,0.947701093452,-0.189844129826
1,-0.32018667535,-0.332971706412,-0.88691055674,-0.171401744518,-0.411988842299,-0.894922698224,-0.0916539659667,0.840279759453,0.534349582555,-0.273548985341,0.946276267899,-0.172430210316
1,-0.29436864638,-0.337606893331,-0.894074205871,-0.158111642318,-0.415506113639,-0.895742919644,-0.0730850171401,0.83828951204,0.540304797566,-0.250700856759,0.953721547934,-0.166024966274
1,-0.287140870931,-0.337792030884,-0.896351864009,-0.159926094775,-0.415892403807,-0.895241393517,-0.0781288298308,0.837028243257,0.54155295765,-0.253404428436,0.955054506422,-0.153808599929
1,-0.277885540364,-0.338313526555,-0.899068175505,-0.159107673658,-0.415224639828,-0.895697073046,-0.0656504874699,0.836144808846,0.544565764747,-0.257110538222,0.953475592022,-0.15741177387
1,-0.276177687612,-0.336435971158,-0.900298129608,-0.154946971697,-0.412653666034,-0.897612604563,-0.0605751505905,0.832259396114,0.551067100007,-0.263687483221,0.951656178522,-0.157541832775
1,-0.267518455264,-0.321976851342,-0.908165614463,-0.154991339922,-0.409709000647,-0.898952846004,-0.105610880345,0.838376483586,0.534762763964,-0.285938802142,0.941809754005,-0.176729705172
1,-0.268388204615,-0.319091980618,-0.908926883489,-0.154375949976,-0.415071508052,-0.896595621934,-0.156207070347,0.857888915971,0.48951604573,-0.286771358997,0.925780440715,-0.246359012924
1,-0.267413917101,-0.31585335126,-0.91034414231,-0.144288420161,-0.412911587752,-0.89926907681,-0.201187744616,0.888651491681,0.412094670859,-0.272163954935,0.907563574173,-0.319773576876
1,-0.289419545263,-0.287811080842,-0.912908050444,-0.167791667586,-0.393822828039,-0.903741963397,-0.318006133783,0.911692798118,0.260169830566,-0.300223560226,0.851092409121,-0.43070584512
1,-0.299834809944,-0.268327402666,-0.915477739612,-0.168084979055,-0.3673609802,-0.914764095296,-0.443795086448,0.888399444052,0.117440832137,-0.330179617474,0.776474276427,-0.536720707866
1,-0.282877702277,-0.251800759829,-0.925514226203,-0.150210143757,-0.363465399741,-0.919418194242,-0.477373790032,0.878542376846,0.0166600322715,-0.310926602397,0.734158310727,-0.603602702704
1,-0.261697051087,-0.269810652511,-0.926669771409,-0.125460425678,-0.370965173039,-0.920132882784,-0.498660493397,0.86679259049,0.0028839896125,-0.30891186774,0.725301626415,-0.615232483448
1,-0.248702922932,-0.299490822076,-0.921114598526,-0.111942758043,-0.375071802088,-0.920211911572,-0.477567468154,0.878580691446,0.00502811885895,-0.295478908162,0.731730847085,-0.614216722546
1,-0.265421043414,-0.318475497882,-0.910013750974,-0.125943262911,-0.38350265671,-0.914912021357,-0.477937718412,0.878344333342,0.00931500966207,-0.304615791413,0.734922658341,-0.605886050243
1,-0.290979916811,-0.323621348791,-0.90033322199,-0.141867064587,-0.399214196325,-0.905815522851,-0.469345034847,0.882979684921,0.00788126137336,-0.300203316496,0.737286065947,-0.605216676675
1,-0.299635983076,-0.322073984928,-0.898046004322,-0.152075035322,-0.399516153656,-0.904024350668,-0.430777405614,0.90245613809,0.00193536471435,-0.291623102888,0.731547431796,-0.616274549933
1,-0.30759408836,-0.310518465795,-0.899424348796,-0.161192614762,-0.389505225036,-0.906809032055,-0.404974991983,0.914323709972,0.00272199414675,-0.257130364096,0.739121762797,-0.622561640016
1,-0.32122590616,-0.285196218924,-0.903037670268,-0.163513566768,-0.387131350467,-0.907409847295,-0.346163011288,0.938170955128,0.00253546232142,-0.194939712069,0.757191881302,-0.623425186809
1,-0.36558170255,-0.269208841928,-0.890997541068,-0.207386789439,-0.386803837674,-0.89853965451,-0.333543958926,0.942694209851,-0.00872090468334,-0.193864691005,0.762739789263,-0.616963933675
1,-0.419970574519,-0.250180999993,-0.872372732139,-0.27126476948,-0.380837621987,-0.883955955078,-0.312968339765,0.949219598768,-0.0321398758398,-0.180738815169,0.751445264342,-0.634557716358
1,-0.46905617339,-0.241629685666,-0.849471248018,-0.298735357159,-0.38424838004,-0.873561886085,-0.278248395147,0.960044668395,-0.0298674619547,-0.181785267463,0.750866007778,-0.634944371498
1,-0.496832124194,-0.2411914101,-0.83365733012,-0.333916127607,-0.390109516379,-0.858087748983,-0.26919856887,0.961605920642,-0.0533496382846,-0.197603902011,0.736205704534,-0.647266450947
1,-0.479988425428,-0.260451944852,-0.837720655038,-0.312599606647,-0.411800092279,-0.855980239213,-0.242504757957,0.968862948823,-0.0499602718847,-0.177509266365,0.738437339154,-0.650538820131
1,-0.4386202836,-0.281423601594,-0.853471149648,-0.270288683002,-0.418493482703,-0.867068182311,-0.230799554393,0.971386578086,-0.0560328618444,-0.148495055282,0.733606044178,-0.66315261479
1,-0.386042021423,-0.30371727328,-0.871049582749,-0.235601771675,-0.414369377738,-0.879084651201,-0.193219902946,0.981067433252,-0.0131438395227,-0.139214024641,0.754171788737,-0.641751017464
1,-0.342122137916,-0.301543108924,-0.889957412581,-0.217663978707,-0.418906436491,-0.881555324322,-0.222741085975,0.974392278745,-0.0307586693529,-0.135614477368,0.748953463274,-0.648596502749
1,-0.306462789713,-0.293316483252,-0.905563912253,-0.177388837831,-0.398009657528,-0.900067504539,-0.173309846656,0.984688450589,-0.0187710502805,-0.0912891400786,0.768364700136,-0.633468215847
1,-0.32620402749,-0.288128347437,-0.900318270309,-0.192088313304,-0.400157477892,-0.896089321876,-0.153301226141,0.986979932072,-0.0486759463204,-0.0884873261601,0.76271903242,-0.640647852329
1,-0.399126872563,-0.277420851748,-0.873919567588,-0.268058674434,-0.395737087603,-0.878371620987,-0.220610405372,0.973635945966,-0.0580008083086,-0.149718879272,0.752153005199,-0.641755493907
1,-0.429406983062,-0.27712521525,-0.859541306727,-0.293863902726,-0.403268664092,-0.86661317278,-0.236626720433,0.970162184727,-0.05285007571,-0.176647137201,0.752946733877,-0.633929810675
1,-0.433673388353,-0.277180151071,-0.857378887125,-0.280192927312,-0.390897121542,-0.876750457003,-0.216786722917,0.974461324361,-0.0585546248516,-0.158138900381,0.750623903365,-0.641526183319
1,-0.420523258913,-0.286144659892,-0.860977016144,-0.264543398817,-0.395656379104,-0.879473035298,-0.211039271896,0.976326898944,-0.04741531521,-0.144435489535,0.756092798473,-0.638327556557
1,-0.40179456382,-0.302377233385,-0.864366321194,-0.245881982483,-0.405057404497,-0.880608056829,-0.209716754568,0.976111131629,-0.056797372859,-0.156140951956,0.744535929394,-0.649065676926
1,-0.376621967851,-0.326255138795,-0.86701411623,-0.213269856616,-0.417570963287,-0.883261263092,-0.22632612849,0.972616130535,-0.0528615757094,-0.163510442703,0.745842179177,-0.64574281172
1,-0.340966869278,-0.337334185079,-0.877466376354,-0.184371958257,-0.43022363788,-0.883693726592,-0.253473870774,0.964747501874,-0.070804339294,-0.164547453341,0.735270858243,-0.657495932016
1,-0.321579504339,-0.351128770939,-0.879372053574,-0.15899846756,-0.421463543094,-0.892797832186,-0.289006326801,0.954242375412,-0.0767908330279,-0.17017775843,0.733404066532,-0.658147404257
1,-0.308577772898,-0.346562782158,-0.885818263582,-0.144086964953,-0.417470213748,-0.89719427504,-0.298630053887,0.952714911866,-0.0561639352594,-0.186762916972,0.744418045592,-0.641062700709
1,-0.312324352552,-0.358182945441,-0.879862759979,-0.146868256764,-0.406892244326,-0.9015921565,-0.294263902167,0.95546806108,-0.0221255539564,-0.199542101281,0.763499263038,-0.614208291345
1,-0.348950385438,-0.356259461297,-0.866783032102,-0.211157210596,-0.406915647943,-0.888725091281,-0.351998426911,0.933826306275,0.0637615649226,-0.294858114361,0.782960438339,-0.547751443989
1,-0.387918611128,-0.34431145097,-0.85496711976,-0.24502700137,-0.384110845923,-0.890180109104,-0.349221605902,0.924079079261,0.155312991224,-0.379438565727,0.801825141913,-0.46163060626
1,-0.435731444337,-0.31371490102,-0.843635625904,-0.266492486805,-0.368408956247,-0.890649535695,-0.382801071973,0.880451383514,0.279765438473,-0.464931271452,0.817767770296,-0.339256225722
1,-0.458052159793,-0.295352627436,-0.838424143483,-0.258942771646,-0.345196197581,-0.902102115167,-0.371101518792,0.83018690143,0.416020878617,-0.505228943387,0.835682177907,-0.215357870284
1,-0.467428766238,-0.285761398842,-0.836570840649,-0.237841909131,-0.350128550812,-0.90600288309,-0.338441504803,0.786394611802,0.516759965898,-0.518054717979,0.84996064525,-0.0958447218506
1,-0.435251537553,-0.274299801871,-0.857505520537,-0.210666874282,-0.339173203207,-0.916832049127,-0.294408552505,0.779187078937,0.553345371563,-0.488712746762,0.871495837832,-0.040679918806
1,-0.385585562654,-0.258834473188,-0.88562322088,-0.194824195412,-0.32617794404,-0.925014314324,-0.287439412874,0.79222518827,0.538291589194,-0.455232865938,0.887567021659,-0.0706244988176
1,-0.32577431607,-0.27863395852,-0.903456812553,-0.166312311741,-0.34783734313,-0.922685969162,-0.274363345166,0.806669199603,0.523459222137,-0.43919216048,0.893583781151,-0.0928346499805
1,-0.310781289531,-0.295137226921,-0.903498205512,-0.170053813432,-0.360637328043,-0.917072744202,-0.291336792148,0.818648038405,0.494912378867,-0.4457277789,0.886749289111,-0.122484469946
1,-0.323411087608,-0.306393617931,-0.895281083964,-0.174273013607,-0.379282963235,-0.908720721965,-0.286223023022,0.839168672752,0.462463317208,-0.432564372521,0.886963210258,-0.16181572011
1,-0.343213836688,-0.312522870138,-0.885739080061,-0.187933314733,-0.381731989452,-0.904965058686,-0.307473510137,0.835255355436,0.455860210788,-0.441222239654,0.877019782716,-0.190155820209
1,-0.373475480344,-0.307994144797,-0.875017526883,-0.211575436727,-0.373112732264,-0.903339760885,-0.284862443935,0.826507060412,0.485530088793,-0.442278482099,0.884425900739,-0.148931428429
1,-0.389404943475,-0.277420235109,-0.878294827008,-0.212172106968,-0.363166973027,-0.907244590354,-0.256137927261,0.831465145671,0.493010216683,-0.404999256507,0.903871697954,-0.137809854025
1,-0.409046052632,-0.241886340465,-0.879870629765,-0.228312913385,-0.335089797877,-0.914105049182,-0.233246737903,0.831857297984,0.50359646052,-0.380273228603,0.917190246176,-0.118971945964
1,-0.386965394487,-0.222420815183,-0.894866897613,-0.217346083384,-0.327798309338,-0.919406845979,-0.192271278813,0.844767008969,0.499400096016,-0.315215816308,0.939722245167,-0.132518266993
1,-0.353048627476,-0.226478798693,-0.907779720185,-0.212726284121,-0.336506567412,-0.917339009381,-0.150931310605,0.846745847951,0.51013842088,-0.268406678093,0.954411592795,-0.130600025627
1,-0.346259936631,-0.247909388692,-0.904790026074,-0.200501945947,-0.337797133946,-0.919615172759,-0.12240796802,0.854457268678,0.504895103333,-0.235248729218,0.961404812245,-0.142684345298
1,-0.348430039645,-0.280845997513,-0.894271789309,-0.185164507335,-0.363252252237,-0.913105638175,-0.089277537889,0.864804196081,0.494108514062,-0.189442665613,0.96970401038,-0.154225836677
1,-0.344142434597,-0.318768637036,-0.883149217716,-0.159692271073,-0.399583752877,-0.902680011409,-0.00864888989228,0.871409182637,0.490480614418,-0.124568641478,0.980633340978,-0.151132075093
1,-0.346248148696,-0.343628576033,-0.872944225743,-0.155808019437,-0.413906282365,-0.896886531563,0.0543945016013,0.893062974734,0.446631572277,-0.0784090467443,0.97956860773,-0.18519547548
1,-0.334515732159,-0.354048858186,-0.873354813896,-0.153704191503,-0.420024141803,-0.894401890548,0.0982203800391,0.899611082825,0.425502827962,-0.0313186697518,0.981169362433,-0.190593344975
1,-0.311220669668,-0.337415259503,-0.88842143008,-0.161003997245,-0.402309651443,-0.901235073234,0.115707052967,0.90231584059,0.415256549272,0.00036079238886,0.979541746076,-0.201240745185
1,-0.297247332779,-0.318834805651,-0.8999935499,-0.151906540454,-0.402299871627,-0.902817377024,0.157331847933,0.893776180701,0.4200128908,0.0461892800439,0.979363309142,-0.196758885736
1,-0.292025410242,-0.332070583681,-0.896911526979,-0.15346779641,-0.403963727006,-0.901809815165,0.147795060948,0.893831283826,0.423346496399,0.0483511652274,0.975817918695,-0.213170247394
1,-0.300411876428,-0.354624180826,-0.88543457967,-0.152255859115,-0.42573622742,-0.891945524136,0.149985179011,0.891411016005,0.427657393975,0.0729934318579,0.975506019017,-0.207508953463
1,-0.328358120342,-0.365371403066,-0.871025075774,-0.178341337285,-0.433153484731,-0.88350009965,0.148941638877,0.905123361221,0.398206088829,0.0749551041538,0.970237890517,-0.230261086957
1,-0.377991816116,-0.368495450835,-0.849313422515,-0.227536714407,-0.426478225306,-0.875410399148,0.0895377052414,0.916927285368,0.388879612075,0.0255609747264,0.968234245107,-0.248734965723
1,-0.395598732385,-0.366981693137,-0.841918095683,-0.240214295647,-0.423320089743,-0.873554345068,0.0610889208618,0.917522722484,0.392963353856,-0.000801886372157,0.970131886311,-0.242576751033
1,-0.410604121954,-0.360919103143,-0.837342018544,-0.263530710388,-0.418800469693,-0.868998119254,0.0166945282599,0.91518574221,0.402686416434,-0.0603394088187,0.968112497035,-0.243140594777
1,-0.394921975843,-0.357169709013,-0.84644340151,-0.24357830169,-0.422820878227,-0.872864316994,0.00960478726368,0.920709106853,0.390131373539,-0.0660987700361,0.967162816584,-0.245411977736
1,-0.348229481928,-0.359508438653,-0.865730853356,-0.201293096489,-0.423346793,-0.883322467824,0.0111701565486,0.920749021458,0.389995470599,-0.0449876983126,0.966839861325,-0.251389716484
1,-0.29023904043,-0.364626775718,-0.884764722307,-0.138893210435,-0.429447878166,-0.892347015479,0.00438351302447,0.912634422094,0.408753221911,-0.0344156970699,0.970039972985,-0.240495344253
1,-0.245515346331,-0.366541100941,-0.897424000145,-0.0943478715736,-0.427861997519,-0.898906330053,0.00248869416512,0.916977894463,0.398930253889,-0.0437017726169,0.96441908453,-0.26074122126
1,-0.226384113235,-0.37004975148,-0.901006889377,-0.0808106697511,-0.434302790583,-0.897134728871,-0.00849058683443,0.91696978804,0.398866290574,-0.0784044076172,0.964365890966,-0.252687904752
1,-0.24497032002,-0.366545601564,-0.897571091493,-0.0999247762768,-0.417481453608,-0.903174553992,-0.0455802526824,0.912339083458,0.406890448843,-0.110218844352,0.965150396738,-0.237353150445
1,-0.256692759712,-0.367511536441,-0.893892665645,-0.104812723411,-0.405809215216,-0.907927956314,-0.0173961492314,0.908439330797,0.417654589646,-0.113829204906,0.969793186376,-0.215740788376
1,-0.305646561186,-0.348160822097,-0.886207775633,-0.162019899628,-0.399596749774,-0.902259380497,-0.0378809055523,0.909287539406,0.414440837364,-0.153580601979,0.965273923959,-0.211327353698
1,-0.342275614555,-0.343407992693,-0.874596109204,-0.185893165665,-0.391584328049,-0.901168932546,-0.0588385530327,0.9134815779,0.402603317813,-0.171153253511,0.962896592892,-0.208654535558
1,-0.37089725931,-0.317227567475,-0.872812633657,-0.158356339065,-0.372921958245,-0.914249683039,-0.0835910168916,0.925166683895,0.370242013967,-0.196854676176,0.949670768003,-0.243667127179
1,-0.388649418119,-0.264211756578,-0.882691212986,-0.174846261013,-0.365862793161,-0.914096932272,-0.108648822765,0.941733664404,0.318328664496,-0.185937321215,0.935848939078,-0.299356102001
1,-0.372127511809,-0.208103387004,-0.904551875391,-0.18929869073,-0.349379668554,-0.917659987626,-0.0684365057104,0.966123431444,0.248841234327,-0.11114186989,0.920976535463,-0.373429653194
1,-0.339656072505,-0.20885802017,-0.917067107589,-0.175588050471,-0.341411982685,-0.923367042194,-0.00924160676644,0.971018234933,0.238826673827,-0.0578409800327,0.916941772697,-0.394806543147
1,-0.319426243637,-0.179723248675,-0.930411967228,-0.194896936728,-0.323913940448,-0.925794222944,0.0424629940439,0.97933309108,0.197746278988,-0.0511648634525,0.907620793559,-0.416661315515
1,-0.334273482813,-0.165880850232,-0.927763322305,-0.226977939193,-0.318640038501,-0.920298615116,0.0309534064975,0.981948616774,0.186597965265,-0.0709032528382,0.904260137802,-0.421053834941
1,-0.336977390493,-0.182526016819,-0.923650632805,-0.23657209203,-0.336928321408,-0.911324833144,0.0101281804831,0.979513760203,0.201122384466,-0.0840229441048,0.905124581749,-0.416760886333
1,-0.338515732748,-0.208623411295,-0.917542026798,-0.22869030327,-0.360267013248,-0.904382896983,0.0083905752924,0.973799952231,0.227251515465,-0.0597641916845,0.912929357537,-0.40371800745
1,-0.359481815787,-0.209297945884,-0.909377366096,-0.251121069258,-0.37929844078,-0.890545283182,-0.00561216052139,0.965222085671,0.261371056141,-0.0905540266017,0.918972993463,-0.383781976586
1,-0.384751789509,-0.209874560158,-0.898842994893,-0.280102657296,-0.385864178963,-0.879005879826,-0.0954382991326,0.960357712839,0.261924787771,-0.14157191783,0.907699656212,-0.395017374546
1,-0.429954882601,-0.224603301697,-0.8744667837,-0.286728203732,-0.391907628723,-0.874182674121,-0.125667301931,0.956358086711,0.2637933646,-0.15609723455,0.903208491691,-0.399810047277
1,-0.434620794039,-0.245800536393,-0.866421872818,-0.292710493704,-0.389668660331,-0.873200379083,-0.0979062215084,0.971107756812,0.217632939718,-0.156605623088,0.883908608309,-0.440658882782
1,-0.406002699915,-0.261332975175,-0.875709360317,-0.263070393714,-0.400818937126,-0.877575152105,-0.0260094810502,0.976465099028,0.214101418201,-0.120996235943,0.895493316377,-0.428312539171
1,-0.398639977903,-0.2704847348,-0.876312830134,-0.271332126225,-0.39773249818,-0.876463197841,-0.0407154675301,0.970516584953,0.237570640095,-0.142422588433,0.906460946888,-0.397547931791
1,-0.370444071229,-0.278235896115,-0.886203123558,-0.214124810527,-0.374065745333,-0.902344381977,-0.0449985912938,0.976335092421,0.211529936625,-0.115571331865,0.89628798318,-0.428148477118
1,-0.357740322243,-0.276487800909,-0.891950871848,-0.205576028384,-0.376440545859,-0.903344348511,-0.043598421792,0.965143704941,0.258063570522,-0.169357380024,0.909804762398,-0.378910770696
1,-0.341618947114,-0.276070460048,-0.898377201437,-0.192133253593,-0.36403646233,-0.911351889754,-0.0245935321465,0.957413261899,0.287671695022,-0.183603827925,0.920276651679,-0.345514860383
1,-0.350415960347,-0.270941949621,-0.896548445244,-0.215758168855,-0.371604164749,-0.902972179701,-0.0994906442903,0.925100561825,0.366456767177,-0.276599072039,0.918926813522,-0.281187597053
1,-0.369325466831,-0.268105128319,-0.889785558277,-0.228690638175,-0.367937428021,-0.901289432465,-0.196711475084,0.858041619668,0.474414559734,-0.377190349776,0.91004766396,-0.171874050853
1,-0.41653540714,-0.255394009913,-0.872509114164,-0.271166791232,-0.365831243679,-0.890301113378,-0.281068487736,0.76831666085,0.575056531014,-0.485382359084,0.871894076972,-0.0648435350039
1,-0.455752318564,-0.249828234358,-0.854327617159,-0.288593580362,-0.364663687005,-0.885287603411,-0.333581450097,0.694242977691,0.637769632453,-0.524209827407,0.851507933537,0.0117599308506
1,-0.484711339754,-0.24075990499,-0.840886190434,-0.279880208533,-0.346810210953,-0.895203745775,-0.362590884401,0.664058884016,0.653875866743,-0.523480715698,0.851734501455,0.0227217808222
1,-0.481920386738,-0.223870737546,-0.847133185348,-0.274351124771,-0.339451368902,-0.899724529224,-0.365072784355,0.652401883794,0.664148811747,-0.515167078765,0.856353247385,0.0355245921689
1,-0.427770535872,-0.228643084408,-0.874491114073,-0.233486440067,-0.334413762094,-0.913045189477,-0.307586255336,0.666064728125,0.679520767509,-0.464448177919,0.884270327374,0.0485167821888
1,-0.397939923562,-0.253257222041,-0.881762210984,-0.240335077717,-0.332628886223,-0.911919445164,-0.321174433034,0.671279453405,0.668005148934,-0.465695693647,0.884053720123,0.0397056778626
1,-0.380899166249,-0.259074155895,-0.88757895812,-0.239162603472,-0.343403546726,-0.908226432778,-0.322154543726,0.68110747603,0.657502133877,-0.486401949062,0.872854584698,0.0392175715724
1,-0.38086123919,-0.252840435935,-0.889391044726,-0.242820793193,-0.341405766609,-0.908008901344,-0.303908087987,0.703679211287,0.642242510006,-0.49272184372,0.869869477038,0.0235005880337
1,-0.395868846692,-0.252050022136,-0.883039434317,-0.254350233977,-0.344783640218,-0.903565271529,-0.29545467097,0.714130371246,0.63460566517,-0.473432890152,0.880641971193,0.0181938751999
1,-0.398256381381,-0.25315331051,-0.881649168358,-0.251568717248,-0.335647057525,-0.907774329488,-0.245409632641,0.7414328795,0.62454094934,-0.415902180835,0.909314129536,0.0131601596724
1,-0.416222813431,-0.241062541764,-0.876725396312,-0.259404357346,-0.324823381295,-0.90950489298,-0.220988901286,0.769243512776,0.599523413688,-0.360131585402,0.932838648197,-0.0108304028156
1,-0.429757883155,-0.239380605383,-0.870634876187,-0.274344603021,-0.341962942537,-0.898774935523,-0.163514033875,0.767756113029,0.619527006379,-0.309438730776,0.950906099179,0.00502617545743
1,-0.451450567778,-0.262097348601,-0.852934560626,-0.295891094982,-0.370288645749,-0.8805309641,-0.121646091275,0.720704977924,0.682485577337,-0.293198821659,0.950582292248,0.102116387726
1,-0.481619819668,-0.29347025632,-0.825782996893,-0.31990697057,-0.411446363837,-0.853446787952,-0.114107280897,0.64230217029,0.75790992241,-0.326352758567,0.903781571214,0.276898444396
1,-0.49531414131,-0.307939800163,-0.812303502944,-0.335926015349,-0.43179740232,-0.837081068691,-0.152991749415,0.589880911884,0.792864448948,-0.36729984467,0.863148740619,0.346504077427
1,-0.487577656035,-0.300304057507,-0.81980821073,-0.311116729022,-0.4250134529,-0.850041143579,-0.134922196571,0.53726198857,0.832553635816,-0.398222220802,0.831646308109,0.387018708939
1,-0.454328174007,-0.295387138338,-0.840435808856,-0.269357284439,-0.427671398856,-0.862869531227,-0.138912460244,0.479467551289,0.866495352353,-0.450699581732,0.785329424749,0.424414398496
1,-0.403379340518,-0.299595128797,-0.86459693872,-0.242575445791,-0.433186390917,-0.868047639144,-0.153614349392,0.46424155109,0.872285740971,-0.448712451024,0.796633142846,0.405009594967
1,-0.357368816645,-0.308335289841,-0.881599046011,-0.218022280344,-0.422589998059,-0.879706757286,-0.115617023902,0.477312122917,0.871094622358,-0.404786442371,0.832695290267,0.377844531044
1,-0.359781809643,-0.314399407473,-0.878470296613,-0.22322060141,-0.415939615672,-0.881570643352,-0.124478762779,0.480637486957,0.868039540429,-0.42356962984,0.819051505246,0.386966924208
1,-0.389449976101,-0.330807504909,-0.859590083011,-0.251238527721,-0.430448012617,-0.866945044754,-0.159111934858,0.484271070008,0.860328380875,-0.477145181305,0.788579043019,0.387911805529
1,-0.413417607327,-0.331537930119,-0.848038019693,-0.257208550426,-0.442091462505,-0.859301402517,-0.178568891272,0.492167787097,0.85198827481,-0.492172439316,0.786595401025,0.372872585562
1,-0.435581803014,-0.333623914839,-0.836040415489,-0.252717539234,-0.442096739262,-0.860630186838,-0.200066009233,0.502032586431,0.841389846689,-0.501828988868,0.797801707289,0.334185729465
1,-0.446021701764,-0.321785717445,-0.83517578605,-0.263641822767,-0.436005770089,-0.860460317352,-0.194915896596,0.502800429312,0.842139846782,-0.502130914768,0.800894537872,0.326239917302
1,-0.445121429533,-0.313575488446,-0.838771319262,-0.272419604317,-0.430130796911,-0.860682901383,-0.210331779839,0.525645111854,0.824292277517,-0.493710557807,0.8131828187,0.308194075998
1,-0.436252035938,-0.303988933404,-0.846920828359,-0.262550814788,-0.4187274844,-0.869329835829,-0.207337042804,0.543382417903,0.813478271741,-0.49472488486,0.814269077763,0.303666193868
1,-0.438157853293,-0.301991437604,-0.846651561867,-0.270197690408,-0.41372347607,-0.869382593251,-0.207593457635,0.570021069677,0.794972286606,-0.485110287012,0.822946584171,0.295680450888
1,-0.408939567994,-0.297151540285,-0.862826397275,-0.248066731455,-0.40623250609,-0.879453266377,-0.192707738728,0.579630230466,0.791765447191,-0.457052225314,0.844012682034,0.280616920197
1,-0.399367567939,-0.292389024475,-0.86891553332,-0.244281580133,-0.39538703076,-0.885435263311,-0.199013214752,0.587572807494,0.784316222099,-0.446008450088,0.857335611488,0.257006053866
1,-0.38462817771,-0.278681001686,-0.879998900119,-0.237290009869,-0.389252846124,-0.890042511907,-0.170629124745,0.603170534292,0.779147616534,-0.414132789722,0.874879214917,0.251158101169
1,-0.398254094083,-0.262397152209,-0.878943349175,-0.255252554991,-0.388480086203,-0.8853978517,-0.154946128063,0.617100589609,0.771478165409,-0.371810479917,0.900104453336,0.227087956769
1,-0.398963627918,-0.255981404859,-0.88051209189,-0.250652351396,-0.383271591811,-0.888974850966,-0.108190145218,0.646155313463,0.755498645506,-0.32723150177,0.919427664995,0.218110781695
1,-0.393293274438,-0.252509249206,-0.884058527105,-0.249753876257,-0.381382067567,-0.890039729357,-0.0818219297045,0.661203095163,0.745731613093,-0.30486381185,0.925781093716,0.22357867238
1,-0.378663195643,-0.261889290186,-0.887709515524,-0.2379801318,-0.392566029438,-0.888401581155,-0.0511135267592,0.688489817812,0.723442588014,-0.249329892066,0.949271793469,0.191618545673
1,-0.385546694426,-0.280326649642,-0.879073782977,-0.240292952612,-0.389527640803,-0.889116142006,-0.0515139433006,0.695772374967,0.716412671495,-0.238194661379,0.954089544583,0.181594174488
1,-0.377389774316,-0.285519772949,-0.880940075996,-0.22596483516,-0.377216957442,-0.898135435382,-0.00768496463171,0.705920529536,0.708249353899,-0.216068238608,0.955000514271,0.203195802138
1,-0.36828899233,-0.275508985682,-0.887951584793,-0.215232190678,-0.361896409781,-0.907031472819,-0.0102053087688,0.702202488391,0.711904148724,-0.214367647053,0.957195390411,0.194482637973
1,-0.355311778007,-0.270413630367,-0.894779307383,-0.18901388378,-0.36146589092,-0.913025827367,0.011335685237,0.701651273063,0.712430342735,-0.205907846584,0.955173984339,0.212707823922
1,-0.364546120753,-0.270907597043,-0.890906953451,-0.198141285234,-0.358810419463,-0.912137661743,0.00869328440294,0.699617131539,0.714465041877,-0.190070701705,0.954693002951,0.228985585723
1,-0.394475564466,-0.269742308888,-0.878423653959,-0.258542592404,-0.365468485703,-0.894197133674,-0.0354173123763,0.722868501184,0.690077346375,-0.234637989354,0.956680844734,0.172356535333
1,-0.405382392244,-0.281653851004,-0.869675930605,-0.254407058423,-0.36875694881,-0.894033199232,0.0285222864108,0.717074192243,0.696413011076,-0.208290329081,0.950618252373,0.230087107562
1,-0.419381659386,-0.290698129531,-0.860007919299,-0.269978914505,-0.370253396154,-0.888832834879,-0.044800897892,0.72523970044,0.687037303539,-0.241423975905,0.955246770803,0.170932942197
1,-0.409990584639,-0.294863319054,-0.863112590329,-0.257908348801,-0.374088881333,-0.890809066232,-0.00365324918965,0.713207992709,0.700942945542,-0.227164066877,0.949136111147,0.218030110847
1,-0.408902635784,-0.288186167887,-0.86587953382,-0.256643937925,-0.37326360809,-0.891520144474,-0.00507114495888,0.710239000445,0.703942359669,-0.218785198019,0.949579962487,0.224568323616
1,-0.401089733473,-0.28583297588,-0.870302554059,-0.256440248409,-0.373575287179,-0.891448205902,0.000326109354729,0.716873574423,0.697203106668,-0.228078293029,0.948478828018,0.219927726881
1,-0.36872945054,-0.279098169932,-0.886646944305,-0.216857046186,-0.37057507832,-0.903131846879,0.00907626127784,0.724044998839,0.689693019493,-0.201476829553,0.958585684382,0.201297225146
1,-0.356550673248,-0.280409166799,-0.891202735959,-0.206891654341,-0.373094511464,-0.904431494852,-0.0223287579109,0.717580308114,0.69611775439,-0.21887889889,0.953048362346,0.209262626024
1,-0.349713255391,-0.279641756423,-0.894148269063,-0.203034597858,-0.369013999372,-0.90697608587,-0.0526259337302,0.721532975413,0.690377198704,-0.243064331246,0.950666470656,0.192751115291
1,-0.351323111725,-0.288403000429,-0.890727669106,-0.206652772198,-0.36453643904,-0.907969061342,-0.0651655502129,0.730775259753,0.679500530388,-0.267246723806,0.943004910546,0.198295051127
1,-0.353211661668,-0.291199129174,-0.889069507536,-0.207096748117,-0.356306216867,-0.911129418218,-0.101944503303,0.733299008603,0.672220114418,-0.297527007032,0.937415378207,0.180914589762
1,-0.350008297154,-0.289979265248,-0.890733527857,-0.208165235026,-0.356482374413,-0.910816969352,-0.0626827014029,0.723124510255,0.687867590175,-0.286457653936,0.93137571453,0.224680419452
1,-0.377321433218,-0.278093181941,-0.883341790131,-0.252520275044,-0.363532988845,-0.896703561225,-0.0774822543674,0.715560785608,0.694240061043,-0.346615930369,0.901756672422,0.258248524791
1,-0.38297442712,-0.281839911639,-0.879714074219,-0.231271351124,-0.370431650298,-0.899607667045,-0.0927123671964,0.685029852736,0.722591529032,-0.371172011932,0.89195693734,0.258155301104
1,-0.422370131544,-0.305745737289,-0.853301245815,-0.254822452015,-0.367973465876,-0.89423769008,-0.130804844947,0.645521803776,0.752457104019,-0.444581982259,0.85097695822,0.279615946664
1,-0.425672996903,-0.308132639261,-0.850797729386,-0.235797220373,-0.38741174081,-0.891241725879,-0.0832514951933,0.579791881703,0.810500192757,-0.414303361439,0.841881913463,0.345814355521
1,-0.40242713722,-0.305910486145,-0.862827429846,-0.207866966906,-0.397744265352,-0.893639090153,-0.0539114473042,0.543233552977,0.837848949853,-0.365333213731,0.85347591333,0.37163222184
1,-0.385730010452,-0.294441925989,-0.874366234056,-0.199688991403,-0.381947059733,-0.90235289675,-0.0522218733711,0.517948207273,0.853816450137,-0.356037551409,0.853933166779,0.37951997136
1,-0.378012333574,-0.285105691796,-0.880807254836,-0.209364222959,-0.365426752274,-0.906989476713,-0.0466892704422,0.524760671454,0.849968440426,-0.379511395755,0.849111130476,0.367398133628
1,-0.368253655293,-0.27608426238,-0.88778754521,-0.20420722086,-0.361411744003,-0.909769730341,-0.0913248343015,0.514442557567,0.852648010379,-0.370273207079,0.869650039597,0.326506601384
1,-0.381969508745,-0.274786221482,-0.882378505446,-0.212562925621,-0.364043172707,-0.906801836708,-0.114890785341,0.535659502518,0.836581738269,-0.380677975133,0.872475448827,0.306383534876
1,-0.397704573347,-0.276017256526,-0.875011740743,-0.234172829859,-0.366621736868,-0.90041745197,-0.0987966444217,0.547786717172,0.830764067314,-0.396964283202,0.864677523624,0.307818352283
1,-0.400844035093,-0.278723846537,-0.872718211625,-0.225892766446,-0.365196220507,-0.903108065845,0.0429538918362,0.53996024861,0.840593774124,-0.342670743532,0.848208740719,0.40387955345
1,-0.42104315733,-0.286562854808,-0.860583749504,-0.243247227535,-0.387335976815,-0.889270278015,0.0673208559795,0.535522197055,0.841833640818,-0.333517610972,0.842585829251,0.422865372804
1,-0.433964574566,-0.290228740516,-0.852902119941,-0.256447078212,-0.392890797549,-0.883103457857,-0.0219506071781,0.558851738003,0.828977023672,-0.358819942767,0.864370448237,0.352295297851
1,-0.42454326828,-0.290899976617,-0.857403182268,-0.250909495278,-0.394344867948,-0.884045558952,-0.0844826312993,0.565812405111,0.820194493539,-0.361276834914,0.883815088041,0.297237175846
1,-0.412378081757,-0.287966878935,-0.86430283716,-0.238661659181,-0.3912170658,-0.888813714939,-0.0813173488943,0.570574862109,0.817209774476,-0.336520124086,0.89997047273,0.277141397663
1,-0.407002487648,-0.286910605022,-0.867197370714,-0.256362655709,-0.380885817763,-0.888371646657,-0.0910331252223,0.585716427106,0.805387631597,-0.342522503041,0.898814688011,0.273515066361
1,-0.382914055884,-0.289183069721,-0.877353963913,-0.236749156965,-0.383063513645,-0.892867392836,-0.0693823983477,0.593475873749,0.801855641669,-0.275361905805,0.92660042985,0.256100496354
