4,-0.451256375101,-0.835201257832,0.314335080521,-0.23644227865,-0.929289635314,-0.283753101418,-0.672732965016,0.719596746557,0.172078122157,-0.494787684865,0.811736130584,-0.310273429753
4,-0.456797004832,-0.83274342466,0.312849620523,-0.239519743193,-0.926260400695,-0.290984471621,-0.676714720774,0.717871311124,0.163456316344,-0.49074307634,0.812821412034,-0.313835283491
4,-0.459451134817,-0.830989241714,0.313626425657,-0.244184793134,-0.923334175495,-0.296357532661,-0.67952398607,0.716378800193,0.158267390794,-0.491387895666,0.8109121825,-0.317741039631
4,-0.463098623719,-0.827975694819,0.316221304625,-0.239725930839,-0.92045395317,-0.308700499152,-0.679521583679,0.716936864999,0.155730372505,-0.491603127441,0.810094358528,-0.319489429201
4,-0.467603783164,-0.826772814067,0.312719388414,-0.236952253854,-0.918859944693,-0.315515501097,-0.682025933689,0.715245138279,0.152528744645,-0.494591578497,0.804462692614,-0.328966482597
4,-0.472282713479,-0.823673043435,0.313865824942,-0.231278801836,-0.92124029938,-0.312772164075,-0.682768659164,0.714304032791,0.153612196134,-0.495498864357,0.803219335871,-0.330635106884
4,-0.467475014166,-0.824893465544,0.317833103427,-0.232184392377,-0.923924374122,-0.304062754772,-0.68153849663,0.71416713004,0.159595075056,-0.492024203444,0.806084306879,-0.328846884474
4,-0.478784372826,-0.816115746972,0.323605642536,-0.240075460394,-0.924864464971,-0.294939815473,-0.675603129182,0.718861502952,0.163702631051,-0.485381338315,0.809977537414,-0.329152465129
4,-0.462843333702,-0.81681599976,0.344365606562,-0.220721789781,-0.930985545985,-0.290771052004,-0.652888534307,0.736899148775,0.175260395712,-0.465745147146,0.822963515386,-0.325288349397
4,-0.46804613646,-0.820317129595,0.328652736239,-0.192120872901,-0.939099943453,-0.284922562115,-0.633437287464,0.748903568975,0.194680885623,-0.438218851881,0.841016985825,-0.317261197456
4,-0.436283924483,-0.82752870149,0.353344853435,-0.127021022742,-0.957838398765,-0.257703825416,-0.580428185694,0.781891402877,0.227483967254,-0.373215307734,0.872888888818,-0.314285414632
4,-0.410011848863,-0.826030843506,0.386734184382,-0.10213043622,-0.97072098873,-0.217416963545,-0.540193014356,0.813308878558,0.216148502883,-0.303223557177,0.887427253,-0.347171924277
4,-0.372024947391,-0.838312417802,0.398534476148,-0.0863317234936,-0.976325668066,-0.198330591171,-0.516269636232,0.82770841264,0.219919181405,-0.265022746069,0.892042715918,-0.366091159473
4,-0.318243158707,-0.859760059913,0.399416989265,-0.0300002886912,-0.981491338599,-0.189142102486,-0.487403716528,0.8350564555,0.255182940735,-0.230751163179,0.906415717839,-0.353785877538
4,-0.298749563628,-0.873345353705,0.384729244267,0.0137903928658,-0.982259731259,-0.187017767634,-0.456878707907,0.84166015317,0.287871556128,-0.192830585988,0.919790723945,-0.341762182304
4,-0.300103011876,-0.876056494635,0.377442976449,0.0159937680012,-0.980325317124,-0.196739604529,-0.439816263995,0.831369159476,0.339686582892,-0.196419796425,0.934738421735,-0.296113739135
4,-0.311677045969,-0.879425485201,0.35981694651,0.0254779339977,-0.974596690468,-0.222513293553,-0.40767948004,0.847154090176,0.340774689572,-0.153858122431,0.943635284437,-0.293053114856
4,-0.342905345316,-0.872622706112,0.347772248652,-0.00365485835046,-0.971328754665,-0.237712204929,-0.376361363492,0.862541887823,0.338191685026,-0.129607716768,0.952448736193,-0.275759396355
4,-0.360728976894,-0.871614953887,0.33190657931,-0.0175568375486,-0.966638546702,-0.255541929017,-0.347824453274,0.873621230336,0.340300008245,-0.0962736914136,0.963449611111,-0.249992446268
4,-0.388071607049,-0.864487721434,0.319470510835,-0.0579316385145,-0.963084066631,-0.262893525712,-0.32645394968,0.881094088991,0.342200270431,-0.0646566394042,0.966828030427,-0.247109446524
4,-0.407642644812,-0.849880502703,0.333961981751,-0.0863793966495,-0.966528821355,-0.24157946379,-0.297242086087,0.884594329038,0.359360564465,-0.0302106109682,0.970873700009,-0.237679569203
4,-0.426679335518,-0.835008943208,0.347425976869,-0.102190263109,-0.970361448013,-0.218988151129,-0.280408887927,0.892686360011,0.352819951566,-0.01398038789,0.969249432371,-0.245682898473
4,-0.444977171432,-0.819142790137,0.361939782658,-0.135479838417,-0.970191076812,-0.200934038573,-0.286048487412,0.894093050652,0.344635865262,-0.0228095488754,0.967174792,-0.253086242614
4,-0.440947431806,-0.817121795446,0.371318372548,-0.148310180938,-0.971383705142,-0.185520315909,-0.287427508165,0.898912043288,0.330669874621,0.00208684172277,0.963944909391,-0.266093699193
4,-0.416867842386,-0.834821674621,0.359574712079,-0.119431142746,-0.975750768472,-0.183430204628,-0.285169120386,0.901145165536,0.326520999951,0.0365956700402,0.961449832223,-0.272534359398
4,-0.400756585814,-0.835179571823,0.376655335468,-0.107046552514,-0.978822842655,-0.174490338676,-0.274433812931,0.905258497317,0.324334912329,0.0587192890814,0.958292616399,-0.279691448644
4,-0.410623359593,-0.828013960455,0.381813223773,-0.112238178339,-0.975950336796,-0.186878386742,-0.295872083202,0.898685958167,0.323764202738,0.0411728832644,0.956575510574,-0.288562101208
4,-0.445220693728,-0.812227554873,0.376915020903,-0.146738498221,-0.969990657632,-0.193870929348,-0.331477543991,0.891416591049,0.309029285072,0.0137056202605,0.951732433039,-0.306622784337
4,-0.458821191659,-0.811702478939,0.361416933429,-0.140388664376,-0.967201093108,-0.211690973839,-0.336701995993,0.889173008665,0.309843713114,0.0126883489681,0.955237730262,-0.295567055817
4,-0.47625156404,-0.80224028641,0.359993014668,-0.148298138964,-0.966326749383,-0.210286175025,-0.334056499722,0.896953529808,0.28962151225,0.00768252576635,0.952068712517,-0.305787745739
4,-0.481561715423,-0.799658684368,0.358670186597,-0.14773700359,-0.966292545646,-0.21083760101,-0.349478433611,0.898094508592,0.267003891503,-0.00362062434761,0.944341486536,-0.328946876998
4,-0.465472011535,-0.805629799575,0.366464776635,-0.127372696717,-0.969465082803,-0.209555838281,-0.354113206491,0.898865894618,0.258154876926,-0.00775591707449,0.942078394547,-0.335303063328
4,-0.47631955742,-0.796787753208,0.371818444347,-0.139745315335,-0.969176705716,-0.202898398072,-0.364388791459,0.89620835787,0.253044241079,-0.0249554488013,0.943303652677,-0.33099160778
4,-0.47600993955,-0.799575311993,0.366188282038,-0.13285920759,-0.967224626118,-0.216390742848,-0.352558316942,0.903471059242,0.243808691942,-0.0112235162902,0.94258166044,-0.3337871269
4,-0.482590967281,-0.804649074533,0.345898576396,-0.140216043192,-0.962622472622,-0.231727073157,-0.348558219817,0.905264069507,0.242907661177,-0.000508961828532,0.943264272135,-0.332042548286
4,-0.473582827881,-0.811358300731,0.342661659617,-0.134703687822,-0.963450661306,-0.231555046839,-0.338606150181,0.907943853703,0.246949050582,0.0125247502105,0.942392919992,-0.334273413512
4,-0.468334340843,-0.817042538084,0.336310029806,-0.123997185173,-0.965495013087,-0.229006719929,-0.353047295163,0.900819890689,0.25274716995,-0.000817164475944,0.938317499846,-0.345773917068
4,-0.439436536844,-0.832052398199,0.338503082317,-0.0967447949817,-0.971037495375,-0.218464247007,-0.365689266694,0.893405591567,0.260955569364,-0.0258254141601,0.93134976338,-0.363208846583
4,-0.425996205456,-0.84074212461,0.334185446787,-0.0847178810416,-0.972622724134,-0.216397590396,-0.402457794317,0.882786680983,0.242312607332,-0.0732017308352,0.920433582827,-0.38398375774
4,-0.40543865465,-0.84341249974,0.352526385677,-0.0557591019187,-0.976903148388,-0.20627932815,-0.413788037537,0.879167342238,0.236313868263,-0.0922533056241,0.918769838508,-0.383863662579
4,-0.395012985447,-0.835867034982,0.381170619484,-0.0512463205508,-0.982316083088,-0.180080336338,-0.430291419116,0.876498649383,0.21586897013,-0.0999976464095,0.914620591095,-0.391752019851
4,-0.385252962239,-0.825021513459,0.413424306756,-0.0486200176982,-0.985847010208,-0.160442408184,-0.435370692526,0.869071849912,0.234875455892,-0.124729650908,0.920244086072,-0.370935757557
4,-0.384572705605,-0.825552800716,0.412996861167,-0.0455966023854,-0.986010856224,-0.160323239925,-0.441558833914,0.865504166088,0.236491722218,-0.147002632844,0.91862981481,-0.366755353443
4,-0.361650883795,-0.834783103375,0.415145526979,-0.0079919059811,-0.986839484034,-0.16150530081,-0.431753368261,0.879407008734,0.200580013923,-0.122331696738,0.913965713278,-0.386912950063
4,-0.326408480896,-0.839623746625,0.434153737405,0.0373365458549,-0.987207678627,-0.155006392139,-0.410678279444,0.879159584744,0.241705968782,-0.130791396335,0.92953582981,-0.344756075717
4,-0.261992026807,-0.870404853022,0.416839980957,0.0994369700439,-0.973361768002,-0.206589345272,-0.375803500903,0.898931638811,0.225152476012,-0.0773446248388,0.934635760348,-0.347093365662
4,-0.156116700495,-0.911114015412,0.381443084544,0.171092091466,-0.948324698643,-0.26722230854,-0.298115903438,0.940508797296,0.163003405871,0.0201246732838,0.923332901356,-0.383472751052
4,-0.0914181525308,-0.939907970349,0.328961591469,0.230955160295,-0.922616552326,-0.308931078573,-0.188692595979,0.974438574404,0.121920338486,0.0978165799394,0.907422366387,-0.408676602792
4,-0.0872558534171,-0.958759973105,0.270491645003,0.248698320945,-0.904922984808,-0.345345532366,-0.13436602303,0.987806713607,0.0786363046394,0.138420609053,0.890220344506,-0.433990176405
4,-0.11517553545,-0.958221599542,0.26181283812,0.220667279452,-0.913088171021,-0.342893487429,-0.127439098458,0.988654240833,0.0795114348159,0.139088045932,0.894216048093,-0.425478759532
4,-0.144832691924,-0.950267841508,0.275707309924,0.169471392557,-0.929707792439,-0.326990623387,-0.138189616372,0.985494415658,0.0985108452561,0.117710287572,0.905379617605,-0.407960826826
4,-0.169712248741,-0.94617270616,0.27559927929,0.134148087867,-0.935977760961,-0.325499495403,-0.156271297519,0.983089147909,0.0954725554085,0.0970724964585,0.904016884115,-0.416329681463
4,-0.168035516514,-0.950958865262,0.259694631768,0.136255117032,-0.937250443366,-0.320930131792,-0.164999202688,0.983410157099,0.0753639570856,0.0970659060794,0.893016337397,-0.439431486149
4,-0.165758759639,-0.954834308344,0.246607942313,0.157576067278,-0.936635120106,-0.312864882667,-0.18317970818,0.982163157309,0.0424349730184,0.0973099091716,0.876038755827,-0.472320738341
4,-0.137096263883,-0.958158451927,0.251270761191,0.200680186342,-0.932840289347,-0.299226431621,-0.173269343163,0.984842276589,0.00796397903394,0.115920419137,0.862397221216,-0.492781380803
4,-0.106834977738,-0.958073222705,0.265860842299,0.23024532239,-0.931154110204,-0.282735060734,-0.179460788963,0.982844721207,0.042545025802,0.103935300917,0.881964801791,-0.459712455372
4,-0.11211910499,-0.943514080456,0.311785962283,0.208492878342,-0.942435139051,-0.261432072175,-0.193173304007,0.971056376256,0.140476292487,0.0693464771885,0.916370893207,-0.394278394265
4,-0.110525093413,-0.928783478285,0.353759034075,0.186948446444,-0.948127338389,-0.257108592957,-0.188559492203,0.939855457678,0.284810527498,0.0191907868985,0.954789692869,-0.296662023335
4,-0.11305363247,-0.889780032384,0.442165546097,0.17559251043,-0.962605897094,-0.206293861181,-0.17023685951,0.923524245846,0.343689364104,0.047281054328,0.963765881424,-0.262525861022
4,-0.154229553799,-0.833596010128,0.530406388191,0.132514016658,-0.983748011699,-0.121160574725,-0.159985782631,0.88780452558,0.431517871838,0.0327913882025,0.981417861731,-0.189060058011
4,-0.197877764956,-0.805699179952,0.558294923459,0.114126952748,-0.990751507892,-0.0733926990015,-0.180038854621,0.85610687499,0.484424431074,0.0138395118574,0.990279643035,-0.138400493145
4,-0.278634135457,-0.792079534901,0.543114195128,0.0557001446452,-0.997999424314,-0.0299105826559,-0.243390554819,0.830841137279,0.500463827295,-0.042566803912,0.992858064048,-0.111449234448
4,-0.336395386413,-0.785877697495,0.518878009343,0.0133457572191,-0.999347250193,0.033570288877,-0.294241826919,0.810301827114,0.506786637814,-0.0861428832477,0.992791523868,-0.0833330294744
4,-0.40864351841,-0.761186058639,0.503593346854,-0.0910777878879,-0.994227359297,0.0567167927382,-0.365243845879,0.791020064005,0.49079954298,-0.154708527906,0.985789148478,-0.0654601110251
4,-0.478703157107,-0.725908028814,0.493863160278,-0.199583610446,-0.976975485442,0.0754008175499,-0.430993191005,0.756410260548,0.492024782957,-0.255562637586,0.966753932895,-0.00863547923936
4,-0.541528512574,-0.676543197234,0.499035241587,-0.262692708851,-0.963346390307,0.0543716194164,-0.476973891112,0.717152437647,0.508122316351,-0.324211565002,0.945973432508,0.00459631463599
4,-0.564926557146,-0.65087066374,0.507173899282,-0.27485810188,-0.959734362732,0.057991178835,-0.460435163637,0.710635164711,0.531974738839,-0.289629495248,0.957056449364,0.0125581931095
4,-0.588891500197,-0.633520652371,0.501854943201,-0.293427147527,-0.955058920132,0.0419877145248,-0.451498314816,0.709177104127,0.541495250857,-0.253712801413,0.967152971816,0.0156506711188
4,-0.592848968689,-0.639049557552,0.490046695037,-0.30535559237,-0.951295583091,0.0423636141048,-0.449514544465,0.714272827075,0.536424275008,-0.224697072435,0.974413999479,-0.00534633138823
4,-0.588663669178,-0.645001006224,0.487287170526,-0.318363782867,-0.945226691973,0.0720486123418,-0.477711453149,0.695528005645,0.536686650564,-0.253927856308,0.966682154674,-0.0323458749522
4,-0.55031841517,-0.664781559272,0.505188202927,-0.29623150496,-0.950520597326,0.0935814593204,-0.489960832356,0.686529718169,0.537229307491,-0.272619787236,0.960399476051,-0.0575438789893
4,-0.508773884298,-0.689299561085,0.51576666211,-0.256716952971,-0.960706317556,0.105545144204,-0.50818395233,0.686185555393,0.520479062176,-0.272720688856,0.954901845811,-0.117413332874
4,-0.477387846757,-0.709212424402,0.518766402962,-0.213116301936,-0.970399749596,0.113603555551,-0.524743715515,0.682842380052,0.508301403729,-0.273284784445,0.953320623492,-0.128433700469
4,-0.474758940163,-0.71681435851,0.510667332193,-0.212492295302,-0.973890479455,0.0799021805948,-0.535147349682,0.679661551646,0.501674684774,-0.314070824533,0.94190981595,-0.119018552309
4,-0.481819920175,-0.715354573694,0.506080426828,-0.249409841907,-0.966376245741,0.0625434443268,-0.537772663009,0.682403549971,0.495101967181,-0.325899482131,0.937484841075,-0.122113473057
4,-0.504054714223,-0.705650954604,0.497981500998,-0.279604024429,-0.959107635608,0.0439787771649,-0.519988233638,0.688781400027,0.505165735036,-0.323793546646,0.939945389219,-0.107983352592
4,-0.521627517382,-0.695751633494,0.493795906828,-0.291705229304,-0.956031184632,0.0302065093656,-0.503367721022,0.687254061412,0.523739240946,-0.316935745872,0.944795171436,-0.0831493657151
4,-0.527344664148,-0.695954715961,0.487395771961,-0.285187823132,-0.958081345667,0.0273503313092,-0.487405422336,0.697496949467,0.525294164979,-0.303054625688,0.94931631271,-0.0834052292817
4,-0.525427633856,-0.692704245671,0.494051241887,-0.266119110157,-0.963642200846,0.0239651404579,-0.452886030235,0.711341280808,0.53748286097,-0.248547173655,0.965849164199,-0.0732099343343
4,-0.55059961359,-0.676580416608,0.488957058828,-0.294013619661,-0.955570336855,0.0210076837386,-0.431717885671,0.735050608502,0.522800411373,-0.200196086974,0.975742441903,-0.0885901452226
4,-0.549513950086,-0.668136953047,0.501624790689,-0.30453914231,-0.951189041495,0.049953159466,-0.396629721661,0.757393765334,0.518690223667,-0.161584037745,0.982522234912,-0.0924156731831
4,-0.529202631726,-0.65783689229,0.535905959769,-0.312775112341,-0.946316805535,0.081585738105,-0.37664048784,0.766423207068,0.520324332111,-0.140681012754,0.984392114224,-0.105740333387
4,-0.514234455466,-0.643274277399,0.567239921769,-0.332233108682,-0.93712359292,0.106866894257,-0.368193098517,0.772720764445,0.517045899703,-0.142284644604,0.982132078291,-0.123173295407
4,-0.502209621371,-0.641648936369,0.579717292013,-0.31308158497,-0.941279582696,0.126383022406,-0.370521972879,0.770179785094,0.519169111414,-0.13245132478,0.982099810661,-0.133927623977
4,-0.49404907601,-0.65285329549,0.574193421297,-0.289203732995,-0.948434532877,0.129742582324,-0.394442036217,0.770674682383,0.500475787625,-0.168615429677,0.973142347393,-0.156725264666
4,-0.495084570589,-0.657961196467,0.567431345546,-0.275470665354,-0.955638699901,0.104262110955,-0.429958876209,0.763950033637,0.481160795239,-0.21166793064,0.963102002383,-0.166226412293
4,-0.512052271546,-0.66069360444,0.548895647876,-0.280893159067,-0.955513741327,0.0899584533282,-0.476513948706,0.744026190241,0.468358286918,-0.262359781333,0.950936290067,-0.16397413629
4,-0.501329096481,-0.678689096752,0.53670312741,-0.246485796898,-0.9656793143,0.0819036864931,-0.481226406463,0.730347450913,0.48478216414,-0.255021759967,0.955068001955,-0.151026532717
4,-0.507389552227,-0.691819856099,0.513752011186,-0.273811336142,-0.959902279271,0.060124591061,-0.495956387442,0.719062084734,0.486802814344,-0.280450315377,0.948207144371,-0.149167127644
4,-0.518314341567,-0.687367523478,0.508798713632,-0.297923621118,-0.953746461566,0.0401148729339,-0.484594205017,0.738649458488,0.468578098015,-0.285496026332,0.944656651782,-0.161603926907
4,-0.533064796446,-0.676921851218,0.507561553049,-0.311149073624,-0.950054988448,0.0241199690809,-0.484429762287,0.746524112114,0.456102571185,-0.286036009036,0.943860500509,-0.165259665719
4,-0.543230164741,-0.66619829532,0.51096068286,-0.304729909232,-0.952344644629,0.0133925451646,-0.47604290842,0.7535785193,0.453323906929,-0.27306752482,0.948636382304,-0.159759635262
4,-0.570158721854,-0.65312876881,0.498339084607,-0.340572686958,-0.940216541023,-0.00176093276462,-0.500660914905,0.747896718097,0.435877445328,-0.300682950571,0.939971648774,-0.161378631602
4,-0.572563601038,-0.664160132895,0.480689339012,-0.345813132296,-0.93806518698,-0.021141960832,-0.509807530864,0.753363485273,0.41537903237,-0.296935365195,0.937776290915,-0.180013935834
4,-0.546416230109,-0.676397893621,0.493877710549,-0.290520989615,-0.95682675474,0.00895075451939,-0.486737133261,0.753725297581,0.441571216103,-0.260779206509,0.951384061274,-0.16389805797
4,-0.525397867608,-0.67631945837,0.51628390537,-0.23953884042,-0.970050941634,0.0402779662495,-0.474799769899,0.745054111466,0.468465099546,-0.244550424265,0.957458443571,-0.153194056105
4,-0.500861408976,-0.677065141203,0.539185166308,-0.204936047782,-0.976983240777,0.0592027327077,-0.472247992666,0.735251996769,0.486195778128,-0.244161501743,0.955939089938,-0.162989623579
4,-0.477491161279,-0.698099209629,0.533535082648,-0.167308261587,-0.984850653081,0.0455756155165,-0.492126720136,0.727317642738,0.478351688499,-0.24993832817,0.950605989471,-0.184062719998
4,-0.463077551154,-0.715690154734,0.522825768334,-0.144269532942,-0.988489569801,0.045548570332,-0.533813242721,0.712035596766,0.456123591621,-0.283877533663,0.940678158785,-0.185844417368
4,-0.437705915835,-0.735351976684,0.517369308743,-0.109643160637,-0.993205490192,0.0390029688323,-0.561897253439,0.695352788619,0.448058005104,-0.30835922056,0.935615344944,-0.171867732287
4,-0.436611993569,-0.738060608542,0.514428328526,-0.104365471862,-0.994331778584,0.0203017827067,-0.572951603783,0.685988921039,0.448492653156,-0.322827064101,0.934680226502,-0.148847441596
4,-0.440765141652,-0.743401484128,0.503070892918,-0.101263888443,-0.994611646328,-0.0222103103601,-0.544361836425,0.710088569314,0.446592000346,-0.294073374497,0.945049990793,-0.142833348044
4,-0.436054348196,-0.757519875275,0.485819147403,-0.0957704103747,-0.994031396682,-0.0522456783662,-0.500335926588,0.749086893864,0.434203622746,-0.230457983582,0.959910023205,-0.159567744719
4,-0.440556160693,-0.774238215862,0.454384698658,-0.0865739781239,-0.990474505845,-0.107075672226,-0.466683206222,0.785851956333,0.405762846695,-0.182157309046,0.96262969005,-0.200406573236
4,-0.408934794691,-0.799321058814,0.440293287057,-0.0674104138994,-0.983678184317,-0.166832448274,-0.405072766702,0.848658615124,0.340139101916,-0.107242199144,0.953662483567,-0.281117374347
4,-0.36044090235,-0.844778227051,0.395514984563,-0.0433393910331,-0.974296992117,-0.221058970267,-0.343186404322,0.904724803572,0.252380905953,-0.0452370150152,0.930141017767,-0.364405405476
4,-0.345329592523,-0.88009322557,0.325857924307,-0.0223728579351,-0.959509864531,-0.280785104832,-0.350251526364,0.903964917828,0.245298380786,-0.0641743725839,0.92214923874,-0.381474024535
4,-0.312568354322,-0.906170959496,0.284877545699,0.0135433767299,-0.946805824615,-0.321520306391,-0.345725167284,0.900597482531,0.263435538919,-0.0776779473373,0.919393496173,-0.385592707002
4,-0.273539291856,-0.929404412815,0.24775732734,0.0512879446931,-0.93174336592,-0.359477185359,-0.338640334863,0.912967763187,0.227623783876,-0.0712706102405,0.905437226288,-0.418454214183
4,-0.261846795395,-0.933982530238,0.243131423209,0.067182857274,-0.931086208391,-0.358559529552,-0.33691932212,0.916728791324,0.214694418978,-0.0558888024021,0.903817306916,-0.424253129023
4,-0.280768486564,-0.928543072149,0.242851436308,0.0595478441973,-0.935836455271,-0.347367504578,-0.344856831369,0.913727415297,0.214885961366,-0.0649800028238,0.904397082714,-0.421714970106
4,-0.283165110868,-0.932781387395,0.223016598746,0.0745401684276,-0.932003294698,-0.354702159512,-0.354571822295,0.910333806183,0.2134740831,-0.0712025644193,0.902864226413,-0.423988659617
4,-0.286818875596,-0.926643798834,0.243035393892,0.0635465760015,-0.941494116311,-0.330984382757,-0.371698010992,0.902386485434,0.218034904385,-0.0819631078092,0.900912623722,-0.426190677251
4,-0.28490302833,-0.926826550239,0.244587019729,0.0706305652035,-0.944445875281,-0.320988024579,-0.377111382792,0.904729039073,0.198122110898,-0.081981209217,0.892694804521,-0.443142265325
4,-0.273576832987,-0.932844667193,0.234428119775,0.0915231127162,-0.940131375272,-0.328293339969,-0.382590635321,0.905899343332,0.181578593217,-0.0827168603015,0.891079046197,-0.446246629623
4,-0.267565739015,-0.935049689774,0.232573973088,0.098162325342,-0.938942642193,-0.32977397192,-0.391001602245,0.899976189504,0.192770862344,-0.0900327478969,0.901846591674,-0.422571685507
4,-0.248830583268,-0.942954749359,0.221177940789,0.114574792896,-0.930449744298,-0.348045816192,-0.371428822097,0.903288622832,0.214733076117,-0.0835776153708,0.918679101248,-0.386061512118
4,-0.273374222705,-0.933178358749,0.233333849073,0.0941813390347,-0.932812591624,-0.347836950719,-0.355690284253,0.90889049223,0.217721140042,-0.0888907089831,0.924340737152,-0.371069593875
4,-0.289450227618,-0.934937809329,0.205206867376,0.0947079979102,-0.915493787271,-0.391026240296,-0.345297462782,0.915831232194,0.204994673919,-0.0776322725833,0.923904547887,-0.374664672271
4,-0.303531385985,-0.934176679845,0.187570329624,0.0711683378034,-0.9242490137,-0.375098424909,-0.360981829864,0.907673432519,0.214058539675,-0.0788558355154,0.928573693487,-0.362674307017
4,-0.321957090011,-0.923917149675,0.206689943461,0.0363012888244,-0.930147474762,-0.365387317273,-0.352600271857,0.920506387573,0.16834796917,-0.0515772580677,0.913931189664,-0.402578646988
4,-0.31547766207,-0.924596620949,0.213529701129,0.0447309916143,-0.93298012882,-0.357137533195,-0.349215577882,0.909923462008,0.223802979094,-0.0706929735712,0.926367648213,-0.369926322168
4,-0.307159832348,-0.92555976119,0.221341288189,0.0510976058784,-0.939568690131,-0.338525791039,-0.371765107793,0.897963194584,0.235484194376,-0.0934904563478,0.926518662932,-0.364448489928
4,-0.289237060013,-0.927734255432,0.235904799468,0.0785655984022,-0.947804517451,-0.30902110518,-0.385400149757,0.892372370468,0.234815410468,-0.106887401551,0.919747303448,-0.377677085868
4,-0.276339392756,-0.931171470959,0.237815541301,0.105290356477,-0.94693751233,-0.30368287501,-0.402389608153,0.890826161746,0.210977138096,-0.115362860676,0.907745943848,-0.403346887684
4,-0.272451726209,-0.935979702157,0.222962001328,0.118810231389,-0.941747402335,-0.314636232993,-0.417579020211,0.888196069801,0.19166508151,-0.118672206902,0.901883549948,-0.415358844424
4,-0.260759934371,-0.942858447053,0.207417948711,0.128808009963,-0.934646334753,-0.331428311257,-0.397883342464,0.899738470573,0.179330784756,-0.0901754819998,0.903513636454,-0.41896478514
4,-0.280693474088,-0.93936714679,0.19697851948,0.0987868789741,-0.932265289044,-0.348026699244,-0.382095477956,0.906703621939,0.178582159491,-0.0788412495934,0.907122120604,-0.413416878796
4,-0.318914248604,-0.923003453804,0.215309837916,0.0450763285827,-0.934711879513,-0.352536277423,-0.350199884919,0.918974934187,0.181232201714,-0.0530337703319,0.90985575254,-0.41152148033
4,-0.399320900853,-0.892020499553,0.211759879389,-0.0440601741927,-0.928034259169,-0.369879865441,-0.326503025578,0.930909076446,0.163719472508,-0.0260785607261,0.910724390072,-0.412190482664
4,-0.488872554005,-0.845463651531,0.214929848742,-0.121297502294,-0.921872532971,-0.368018951808,-0.281703203701,0.95002831643,0.134497223042,0.0360037614162,0.904180115811,-0.425631351448
4,-0.543303222829,-0.825975524703,0.150286528523,-0.144044483129,-0.90757845902,-0.394401480224,-0.272035449876,0.953264280199,0.131468346411,0.0656339655326,0.90098615038,-0.428854450124
4,-0.5754336158,-0.807318691474,0.13081545858,-0.180501429401,-0.898380922402,-0.400413476606,-0.287909632343,0.948502938358,0.132099279065,0.0617530451878,0.900038969032,-0.431412118089
4,-0.589854073506,-0.791377288302,0.160605602417,-0.221211636714,-0.896980643732,-0.382741605462,-0.321642570162,0.932322595376,0.165289549613,0.0231143992745,0.910966019416,-0.411833262395
4,-0.567423026176,-0.808344588648,0.15687617846,-0.196567741961,-0.901887002718,-0.384656934355,-0.325968718649,0.930361440069,0.167845122938,0.00635912903543,0.905426674178,-0.42445506142
4,-0.531091778684,-0.837906467418,0.125913758079,-0.153311990174,-0.901853130683,-0.403926186754,-0.329723315849,0.930323676785,0.160562733534,0.000856148316537,0.904646764519,-0.426161352606
4,-0.535339275618,-0.836112465287,0.119698811072,-0.153888738008,-0.898795438301,-0.410469263654,-0.342985647117,0.927209222123,0.150478916405,-0.0146182245662,0.904380900053,-0.426475667689
4,-0.544721840432,-0.825351852094,0.148567953483,-0.175636827846,-0.901596560707,-0.395316767194,-0.318793753217,0.939057619162,0.128613105099,0.0254522509174,0.896480192764,-0.442352175202
4,-0.533500199985,-0.824890807431,0.186902895729,-0.178137104025,-0.912963309781,-0.367103755312,-0.279556630204,0.950535605756,0.1353888943,0.0769456751576,0.890814496338,-0.447804528995
4,-0.528885901028,-0.823087747124,0.206896747746,-0.194202361184,-0.920111021668,-0.34011931835,-0.271364724728,0.951257504257,0.146527631412,0.0750706983913,0.89055843348,-0.448631326148
4,-0.484280925642,-0.841757984688,0.238569654969,-0.192332458271,-0.93207340068,-0.306997396146,-0.271301318446,0.949652652244,0.156701738011,0.0634741154449,0.890578500065,-0.450378698309
4,-0.42061032082,-0.871434616466,0.252366137278,-0.178164529008,-0.939831143623,-0.291504411767,-0.275850772809,0.948389825688,0.156406808268,0.036947913572,0.88200581162,-0.469787824396
4,-0.30573987443,-0.920025874738,0.245103078307,-0.0872416298851,-0.95014677358,-0.299349305444,-0.236370598563,0.962900854662,0.130195561468,0.073629596175,0.861102485893,-0.503071755672
4,-0.289601733619,-0.934178372324,0.208426496795,-0.0321938809665,-0.947653019905,-0.317674846176,-0.23149573626,0.968487393624,0.0918797719026,0.0882540158903,0.843225796477,-0.530265485238
4,-0.281996379945,-0.933789363393,0.220262267565,-0.0101549182046,-0.951552577192,-0.307318353625,-0.213500994817,0.974428069773,0.0700518525903,0.118342028367,0.828148406473,-0.547873508374
4,-0.291150746323,-0.928947148021,0.228666654979,-0.0330361415858,-0.95077550616,-0.308114508317,-0.216308461723,0.97395379503,0.0680048125843,0.107745183962,0.819164880105,-0.563347028514
4,-0.293355723895,-0.931953680812,0.213083917927,-0.0311935931998,-0.945370593369,-0.324501773394,-0.161372167847,0.985783037898,0.0468062563908,0.147785219439,0.798632909493,-0.583390953641
4,-0.316498905845,-0.926947103636,0.201488237026,-0.0418941689827,-0.943211225668,-0.329541290856,-0.157138835358,0.986931433871,0.0356893718125,0.162662835225,0.791780761514,-0.588747847328
4,-0.321832634659,-0.92804320754,0.187508827014,-0.0423591387719,-0.939385857781,-0.340235085734,-0.1502509714,0.988265223108,0.0275044430718,0.168353154931,0.789861044731,-0.589725991662
4,-0.326848311762,-0.927459669875,0.181628031578,-0.0454089632256,-0.933332086319,-0.356130934778,-0.177742858975,0.982218834449,0.0604453251844,0.152260265528,0.809728646776,-0.566706564398
4,-0.318034129783,-0.931388887616,0.177113049543,-0.046707287504,-0.930971769932,-0.36209113892,-0.167604809968,0.981994409049,0.0871527869486,0.159804990437,0.817234770148,-0.55370542303
4,-0.360404505962,-0.923068259816,0.134363610408,-0.0772145653972,-0.919620480205,-0.385144236978,-0.201428752585,0.977425454497,0.0637647122924,0.143234445748,0.80914217385,-0.569888441757
4,-0.400764024989,-0.909748040631,0.108382188765,-0.117731918056,-0.915737058576,-0.384141686129,-0.256918258245,0.96418880198,0.0658252437596,0.0930025298931,0.8080297164,-0.581754679266
4,-0.424483076701,-0.895643615239,0.132802982178,-0.166410201791,-0.92365628717,-0.345205312692,-0.300475487038,0.951078699285,0.0718595119342,0.0509996200943,0.811385353123,-0.582282446487
4,-0.430100253928,-0.888462777049,0.160148885006,-0.192299477228,-0.929298938431,-0.315316339712,-0.319653662608,0.94294509596,0.0931454882705,0.0169885855323,0.823835412099,-0.566574445006
4,-0.441463662867,-0.878615633117,0.182056045243,-0.217938026452,-0.931570351767,-0.290997760017,-0.326096429831,0.938064799396,0.11702799061,-0.00981488413358,0.831364266712,-0.555641182855
4,-0.438680830031,-0.87919672488,0.185936140443,-0.20655094114,-0.934915718507,-0.28856421816,-0.303701110287,0.945976186628,0.113554788287,0.0123086195228,0.831691692484,-0.55510127593
4,-0.432565459425,-0.883609292156,0.179225394763,-0.195134961203,-0.93605792201,-0.292776217542,-0.306204384506,0.947031087477,0.0968038959027,0.0173085208692,0.833595601665,-0.552103964839
4,-0.416193291328,-0.89041670946,0.184231451624,-0.17031281931,-0.941843599023,-0.289696700978,-0.287658162574,0.953234442462,0.092719357254,0.0427116181057,0.837964746345,-0.544050366751
4,-0.440385549517,-0.878004034621,0.187535284591,-0.192252568795,-0.935335225347,-0.296962903436,-0.297619779645,0.951053504148,0.0831847282426,0.0281542806496,0.843796726333,-0.535923894886
4,-0.44005810908,-0.8767929362,0.193863373699,-0.203094568007,-0.930038643218,-0.30623637695,-0.264259330314,0.960729844856,0.0846473363159,0.047864094877,0.849060052455,-0.526123612611
4,-0.444552423578,-0.876429425582,0.185052977997,-0.203299887928,-0.926879235512,-0.315537697184,-0.246520387041,0.964310988336,0.0966023630499,0.0497410843868,0.85492759664,-0.516357075121
4,-0.438807792349,-0.879325280559,0.185026409855,-0.194356934918,-0.927912728627,-0.318124739532,-0.216064461444,0.970842641535,0.1038302166,0.0717467243961,0.858069043314,-0.508497713313
4,-0.470098347715,-0.85752735245,0.208936313921,-0.228267485542,-0.926285642371,-0.299814715753,-0.20353887374,0.972052761254,0.116984427234,0.0743710236646,0.868692589775,-0.489736802078
4,-0.483513263547,-0.848895899792,0.21351973045,-0.237925359659,-0.922727625369,-0.303257732981,-0.179289165359,0.97513357102,0.130268621911,0.0930204564122,0.877047554034,-0.471311767997
4,-0.497601058722,-0.839812934988,0.217042439598,-0.246226103376,-0.919332397275,-0.30692124289,-0.18674085828,0.970933985604,0.149716557025,0.0925631568534,0.891138388302,-0.44418963843
4,-0.483726673977,-0.850981529936,0.204545693161,-0.214407560348,-0.92274642507,-0.320263068563,-0.184445502421,0.966748727763,0.177134846955,0.0980876249221,0.898990400055,-0.426843154385
4,-0.448142514604,-0.865643525022,0.22322538877,-0.171132544774,-0.936901750468,-0.304842192108,-0.163103658166,0.959883676606,0.228080082599,0.114460004944,0.910742702185,-0.396795460766
4,-0.420160456424,-0.877001989751,0.233093759743,-0.123981246607,-0.946413216089,-0.298212466039,-0.162475075368,0.959591996108,0.229749974732,0.116550724587,0.907944677984,-0.402557313085
4,-0.418532612681,-0.885402408802,0.202220242828,-0.0785586358484,-0.946030574465,-0.314411661537,-0.217808899469,0.95237820954,0.21338938424,0.0815940547632,0.90505470529,-0.417394765971
4,-0.41026841738,-0.893582597141,0.182181140042,-0.0386878331859,-0.94572081203,-0.322669176179,-0.25445497081,0.946591355797,0.198034019705,0.0656931055111,0.901113006423,-0.428578774023
4,-0.441693144836,-0.882708841897,0.160412799495,-0.0581552568611,-0.93750800042,-0.343069548704,-0.296861049436,0.93971503541,0.169732641385,0.0316424172997,0.897225623708,-0.440437211858
4,-0.527662879389,-0.834290586121,0.159784553772,-0.148663949223,-0.92798494226,-0.341676714367,-0.358548916534,0.924161031298,0.131791739812,-0.034699991688,0.894288811024,-0.446142839296
4,-0.595628455646,-0.78614710977,0.164922601925,-0.233884090172,-0.91232410584,-0.336099625511,-0.408574483621,0.908075497995,0.0920096803293,-0.0953648149011,0.885031332863,-0.4556589645
4,-0.618429607664,-0.76379181698,0.184842854013,-0.273377593467,-0.905318862466,-0.325057608208,-0.438157884295,0.894756808766,0.0861853908546,-0.140922034,0.881515272752,-0.450634890169
4,-0.615877835362,-0.761100365089,0.203520824908,-0.285396264735,-0.906380500319,-0.31148573116,-0.459644297199,0.883879092687,0.0865151406591,-0.16323570671,0.880997802968,-0.44406866048
4,-0.605480014519,-0.76721698731,0.211594060409,-0.276037309083,-0.909796324536,-0.309958145326,-0.472195529477,0.877616849831,0.0825835748499,-0.17623631862,0.880714948861,-0.439638418308
4,-0.590810169519,-0.774948414658,0.224495652993,-0.268692654922,-0.915509190312,-0.299411388635,-0.484044630613,0.870678052652,0.0872956138946,-0.184182717647,0.883637221839,-0.430420708959
4,-0.583598068913,-0.782291575574,0.21779160853,-0.264112013413,-0.914100584846,-0.307676721828,-0.48638401906,0.869489891804,0.0861273130497,-0.191410286294,0.881217291028,-0.432224696534
4,-0.582047652631,-0.78498846112,0.212164195789,-0.265819798086,-0.912517885477,-0.310887348779,-0.494628216519,0.865145366438,0.0828638784669,-0.192286483859,0.879612805797,-0.435094495486
4,-0.574863091308,-0.791196739642,0.208662755257,-0.25466544322,-0.914530558943,-0.314291852883,-0.497173555863,0.863899103335,0.0806026960324,-0.18757678789,0.880633397162,-0.435085932257
4,-0.574763233446,-0.792658932553,0.203320048504,-0.248420534348,-0.916121535894,-0.31465627212,-0.502929030371,0.861272606481,0.0726077663549,-0.183150124168,0.877740106423,-0.442750875318
4,-0.56252802398,-0.800511211673,0.206746274994,-0.221071659696,-0.922776048526,-0.315613189752,-0.487604516316,0.870523111751,0.0665683676714,-0.167803971112,0.878292011938,-0.447710809613
4,-0.561199318655,-0.80330338804,0.199396568438,-0.19891218478,-0.925660066235,-0.321849941003,-0.496465986763,0.865391381565,0.0679652904107,-0.173850760333,0.876506938055,-0.448900323761
4,-0.518436706547,-0.833041620563,0.193041549193,-0.142355725797,-0.931987623073,-0.33336754157,-0.481252760336,0.872343746786,0.086093949337,-0.156982158417,0.882662982409,-0.443015418945
4,-0.48391780668,-0.858232552406,0.171056839586,-0.11283930159,-0.925903976531,-0.360512299735,-0.440745728652,0.892559499349,0.0952929315116,-0.117849571193,0.881826368245,-0.456611141824
4,-0.500910586672,-0.832883236284,0.23535950985,-0.170488651667,-0.92825944135,-0.33055714967,-0.399999432174,0.911295430573,0.0976785159462,-0.0842973667068,0.884033381357,-0.459759648743
4,-0.519834076166,-0.818003539112,0.246257473504,-0.196441261275,-0.921142651895,-0.336016436693,-0.337149137895,0.939291787427,0.0637290898194,-0.0184973808565,0.871191368826,-0.490594991601
4,-0.548382337838,-0.809949794737,0.207985916719,-0.195565641058,-0.911174920365,-0.362649065262,-0.303908280151,0.95231526707,0.0271180633842,0.0365844315994,0.856468456575,-0.514901313123
4,-0.579352162351,-0.796928237936,0.171045185722,-0.20647357497,-0.897248861958,-0.390273164021,-0.314144528761,0.948898965672,0.03006606055,0.0315557378584,0.853712272847,-0.519788024677
4,-0.572103042504,-0.804353017657,0.160356888669,-0.19962074494,-0.892886847503,-0.403614464242,-0.326517085696,0.943977192401,0.0478920972061,0.00965480563585,0.858176495657,-0.513263954539
4,-0.523721053878,-0.821483840651,0.225567190154,-0.198349663353,-0.906018222198,-0.373882858786,-0.334092103735,0.939877836108,0.0707963234494,-0.0124866215405,0.861964693364,-0.506814514074
4,-0.475992497791,-0.854725100725,0.207065555408,-0.142148521624,-0.916557682019,-0.373785785353,-0.336006485118,0.938502933721,0.0794473747609,-0.0199798152326,0.863438307009,-0.50405862454
4,-0.440638723672,-0.871718867868,0.21434488705,-0.113905405939,-0.921313666371,-0.371761599221,-0.317988034662,0.945506228681,0.0700112943577,-0.0102898112217,0.857342459728,-0.514643591752
4,-0.425812564012,-0.877832621864,0.219302412941,-0.0998873904534,-0.923207125655,-0.371094479031,-0.326542264665,0.940632174872,0.0926350958484,-0.0323532552023,0.864442196831,-0.501690098783
4,-0.40632208105,-0.881344032918,0.241112135927,-0.0889357677646,-0.928332828616,-0.360955105971,-0.314577906578,0.941674845391,0.119537551636,-0.0368098699604,0.875079580934,-0.482577206783
4,-0.407670429524,-0.873810129611,0.265067308965,-0.110158128924,-0.93330899935,-0.341759415913,-0.326252741908,0.937419724358,0.121669259806,-0.0496544781616,0.875698557772,-0.480298312213
4,-0.404122191335,-0.875328604318,0.265490280299,-0.116358141138,-0.932907795502,-0.340798808804,-0.329801123374,0.936937721236,0.115667305432,-0.0613460211577,0.874353297995,-0.481396900669
4,-0.397666595588,-0.875856577889,0.273379834155,-0.110774100972,-0.9351992981,-0.336350072673,-0.325320097747,0.936856667159,0.12832154613,-0.0599406717104,0.879296877643,-0.472487160505
4,-0.409773230025,-0.870326607354,0.273162033391,-0.124854964806,-0.934916279329,-0.332178850033,-0.325288946856,0.936242358782,0.132805672601,-0.0607824147716,0.875654526466,-0.479097744029
4,-0.440298529153,-0.855785141904,0.271604484726,-0.152234249544,-0.928447020511,-0.338837517654,-0.331299042793,0.934523140635,0.130028627086,-0.0559551297484,0.879294680726,-0.472979796505
4,-0.466309488968,-0.844271805294,0.264122280929,-0.180386821284,-0.916569750457,-0.356876011038,-0.310156675138,0.942594644356,0.123766608172,-0.0195735468192,0.878958637258,-0.476496159748
4,-0.479827513982,-0.846001552,0.232479957932,-0.189648300625,-0.905469754407,-0.379681505903,-0.287320411243,0.952761552486,0.0984500146672,0.0293271060142,0.872662348258,-0.487442659997
4,-0.476674657742,-0.85586604533,0.200685283759,-0.172373970776,-0.903723825263,-0.391880672974,-0.267304710955,0.958573238642,0.0984151292294,0.0505855515521,0.865912588361,-0.497630878556
4,-0.44361697151,-0.87351282793,0.200447803753,-0.140444350788,-0.915614828368,-0.376729173815,-0.259207978279,0.960739199525,0.0989515765011,0.0453563531375,0.860358732849,-0.507666871127
4,-0.405223292248,-0.892812572201,0.196671793454,-0.117098414123,-0.923828353666,-0.364457314884,-0.285552947229,0.952575369785,0.105165009426,0.0224569833893,0.86031243415,-0.50927222538
4,-0.39992040286,-0.896054641305,0.192742707182,-0.121495365484,-0.924458668736,-0.361407036408,-0.310351177112,0.945949900896,0.0941325228655,0.009478414205,0.860421281878,-0.509495218188
4,-0.40180494571,-0.895786606953,0.190050362817,-0.127475442341,-0.922394120475,-0.364608143234,-0.304696728267,0.948507594464,0.0865635432928,0.00809632271099,0.856420548923,-0.516215355197
4,-0.408765478069,-0.893303025166,0.186870246876,-0.11978149077,-0.920088792782,-0.372946387388,-0.284040817744,0.955222563024,0.0828894984054,0.017678607769,0.856402062662,-0.516006757607
4,-0.424933700165,-0.882715480076,0.200610896261,-0.152793115548,-0.920253450584,-0.360260809038,-0.284302363012,0.954575841625,0.0892027408318,-0.00397744309251,0.859063809636,-0.511853055984
4,-0.445303781267,-0.874699739908,0.191324089948,-0.168970645168,-0.915761556799,-0.364458080114,-0.305041534053,0.948118682608,0.0895579488003,-0.0321862741709,0.854629251812,-0.518240181482
4,-0.451427630863,-0.870747530514,0.194966233481,-0.157058312024,-0.918276451561,-0.363457074676,-0.293423220431,0.952078440515,0.0863102358856,-0.0238513755789,0.853973352393,-0.519769781043
